2.508800000000000000e+04 4.470000000000000000e+02
2.345900000000000000e+04 1.464000000000000000e+03
2.242200000000000000e+04 3.114000000000000000e+03
2.035800000000000000e+04 3.713000000000000000e+03
1.978300000000000000e+04 4.259000000000000000e+03
1.842300000000000000e+04 5.486000000000000000e+03
1.850100000000000000e+04 5.941000000000000000e+03
1.739200000000000000e+04 6.440000000000000000e+03
1.708200000000000000e+04 7.370000000000000000e+03
1.728900000000000000e+04 7.917000000000000000e+03
1.680500000000000000e+04 8.265000000000000000e+03
1.606400000000000000e+04 8.359000000000000000e+03
1.609000000000000000e+04 9.318000000000000000e+03
1.553100000000000000e+04 9.883000000000000000e+03
1.595800000000000000e+04 1.043900000000000000e+04
1.544800000000000000e+04 9.975000000000000000e+03
1.552900000000000000e+04 1.059100000000000000e+04
1.476400000000000000e+04 1.008300000000000000e+04
1.454600000000000000e+04 1.184400000000000000e+04
