1.789500000000000000e+04 6.756000000000000000e+03
1.681300000000000000e+04 8.323000000000000000e+03
1.562000000000000000e+04 9.757000000000000000e+03
1.472800000000000000e+04 1.092200000000000000e+04
1.493300000000000000e+04 1.092500000000000000e+04
1.420800000000000000e+04 1.090300000000000000e+04
1.415200000000000000e+04 1.183800000000000000e+04
1.450400000000000000e+04 1.297300000000000000e+04
1.418400000000000000e+04 1.192200000000000000e+04
1.492400000000000000e+04 1.221500000000000000e+04
1.436500000000000000e+04 1.283400000000000000e+04
1.407900000000000000e+04 1.295700000000000000e+04
1.444800000000000000e+04 1.295000000000000000e+04
1.528600000000000000e+04 1.199900000000000000e+04
