3.800000000000000000e+03
-1.200000000000000000e+01
1.724000000000000000e+03
8.600000000000000000e+01
4.540000000000000000e+02
5.170000000000000000e+02
2.630000000000000000e+02
-6.110000000000000000e+02
-6.840000000000000000e+02
2.890000000000000000e+02
1.830000000000000000e+02
4.340000000000000000e+02
2.660000000000000000e+02
3.380000000000000000e+02
-5.460000000000000000e+02
-2.320000000000000000e+02
1.310000000000000000e+02
3.200000000000000000e+01
1.460000000000000000e+02
9.800000000000000000e+01
-8.280000000000000000e+02
nan
nan
nan
nan
nan
nan
nan
nan
nan
nan
nan
nan
nan
nan
nan
nan
nan
nan
