3.092000000000000000e+03
3.075000000000000000e+03
3.089000000000000000e+03
3.077000000000000000e+03
3.073000000000000000e+03
3.072000000000000000e+03
3.085000000000000000e+03
3.090000000000000000e+03
3.089000000000000000e+03
3.078000000000000000e+03
3.039000000000000000e+03
3.010000000000000000e+03
3.032000000000000000e+03
3.062000000000000000e+03
3.075000000000000000e+03
3.082000000000000000e+03
3.076000000000000000e+03
3.076000000000000000e+03
3.079000000000000000e+03
3.088000000000000000e+03
3.086000000000000000e+03
3.096000000000000000e+03
3.087000000000000000e+03
3.079000000000000000e+03
3.083000000000000000e+03
3.079000000000000000e+03
3.076000000000000000e+03
3.094000000000000000e+03
3.091000000000000000e+03
3.098000000000000000e+03
3.092000000000000000e+03
3.098000000000000000e+03
3.098000000000000000e+03
3.095000000000000000e+03
3.094000000000000000e+03
3.100000000000000000e+03
3.089000000000000000e+03
3.081000000000000000e+03
3.093000000000000000e+03
3.085000000000000000e+03
3.090000000000000000e+03
3.096000000000000000e+03
3.092000000000000000e+03
3.084000000000000000e+03
3.105000000000000000e+03
3.092000000000000000e+03
3.088000000000000000e+03
3.093000000000000000e+03
3.081000000000000000e+03
3.085000000000000000e+03
3.107000000000000000e+03
3.099000000000000000e+03
3.085000000000000000e+03
3.104000000000000000e+03
3.096000000000000000e+03
3.083000000000000000e+03
3.102000000000000000e+03
3.097000000000000000e+03
3.093000000000000000e+03
3.082000000000000000e+03
3.099000000000000000e+03
3.095000000000000000e+03
3.084000000000000000e+03
3.080000000000000000e+03
3.097000000000000000e+03
3.098000000000000000e+03
3.108000000000000000e+03
3.080000000000000000e+03
3.084000000000000000e+03
3.103000000000000000e+03
3.087000000000000000e+03
3.092000000000000000e+03
3.093000000000000000e+03
3.092000000000000000e+03
3.089000000000000000e+03
3.089000000000000000e+03
3.090000000000000000e+03
3.091000000000000000e+03
3.101000000000000000e+03
3.091000000000000000e+03
3.091000000000000000e+03
3.089000000000000000e+03
3.081000000000000000e+03
3.081000000000000000e+03
3.082000000000000000e+03
3.077000000000000000e+03
3.077000000000000000e+03
3.094000000000000000e+03
3.098000000000000000e+03
3.074000000000000000e+03
3.087000000000000000e+03
3.082000000000000000e+03
3.064000000000000000e+03
3.084000000000000000e+03
3.086000000000000000e+03
3.078000000000000000e+03
3.080000000000000000e+03
3.064000000000000000e+03
3.082000000000000000e+03
3.076000000000000000e+03
3.068000000000000000e+03
3.051000000000000000e+03
3.055000000000000000e+03
3.055000000000000000e+03
3.034000000000000000e+03
3.027000000000000000e+03
3.008000000000000000e+03
2.968000000000000000e+03
2.947000000000000000e+03
2.860000000000000000e+03
2.743000000000000000e+03
2.635000000000000000e+03
2.622000000000000000e+03
2.709000000000000000e+03
2.793000000000000000e+03
2.856000000000000000e+03
2.914000000000000000e+03
2.960000000000000000e+03
2.999000000000000000e+03
3.009000000000000000e+03
3.021000000000000000e+03
3.049000000000000000e+03
3.053000000000000000e+03
3.056000000000000000e+03
3.058000000000000000e+03
3.059000000000000000e+03
3.059000000000000000e+03
3.074000000000000000e+03
3.070000000000000000e+03
3.074000000000000000e+03
3.075000000000000000e+03
3.070000000000000000e+03
3.085000000000000000e+03
3.080000000000000000e+03
3.078000000000000000e+03
3.086000000000000000e+03
3.071000000000000000e+03
3.072000000000000000e+03
3.084000000000000000e+03
3.085000000000000000e+03
3.066000000000000000e+03
3.083000000000000000e+03
3.077000000000000000e+03
3.074000000000000000e+03
3.092000000000000000e+03
3.076000000000000000e+03
3.092000000000000000e+03
3.077000000000000000e+03
3.081000000000000000e+03
3.085000000000000000e+03
3.078000000000000000e+03
3.079000000000000000e+03
3.089000000000000000e+03
3.079000000000000000e+03
3.082000000000000000e+03
3.094000000000000000e+03
3.076000000000000000e+03
3.076000000000000000e+03
3.092000000000000000e+03
3.080000000000000000e+03
3.069000000000000000e+03
3.086000000000000000e+03
3.080000000000000000e+03
3.074000000000000000e+03
3.093000000000000000e+03
3.076000000000000000e+03
3.079000000000000000e+03
3.085000000000000000e+03
3.077000000000000000e+03
3.074000000000000000e+03
3.088000000000000000e+03
3.084000000000000000e+03
3.077000000000000000e+03
3.085000000000000000e+03
3.087000000000000000e+03
3.086000000000000000e+03
3.081000000000000000e+03
3.088000000000000000e+03
3.074000000000000000e+03
3.079000000000000000e+03
3.087000000000000000e+03
3.076000000000000000e+03
3.087000000000000000e+03
3.094000000000000000e+03
3.082000000000000000e+03
3.094000000000000000e+03
3.082000000000000000e+03
3.102000000000000000e+03
3.093000000000000000e+03
3.096000000000000000e+03
3.098000000000000000e+03
3.090000000000000000e+03
3.089000000000000000e+03
3.087000000000000000e+03
3.090000000000000000e+03
3.085000000000000000e+03
3.086000000000000000e+03
3.078000000000000000e+03
3.103000000000000000e+03
3.089000000000000000e+03
3.082000000000000000e+03
3.094000000000000000e+03
3.090000000000000000e+03
3.081000000000000000e+03
3.092000000000000000e+03
3.075000000000000000e+03
3.092000000000000000e+03
3.075000000000000000e+03
3.075000000000000000e+03
3.085000000000000000e+03
3.078000000000000000e+03
3.001000000000000000e+03
2.716000000000000000e+03
2.765000000000000000e+03
2.944000000000000000e+03
3.027000000000000000e+03
3.045000000000000000e+03
3.077000000000000000e+03
3.074000000000000000e+03
3.085000000000000000e+03
3.092000000000000000e+03
3.084000000000000000e+03
3.086000000000000000e+03
3.090000000000000000e+03
3.081000000000000000e+03
3.088000000000000000e+03
3.079000000000000000e+03
3.096000000000000000e+03
3.087000000000000000e+03
3.087000000000000000e+03
3.098000000000000000e+03
3.086000000000000000e+03
3.080000000000000000e+03
3.091000000000000000e+03
3.079000000000000000e+03
3.086000000000000000e+03
3.083000000000000000e+03
3.087000000000000000e+03
3.086000000000000000e+03
3.101000000000000000e+03
3.083000000000000000e+03
3.093000000000000000e+03
3.088000000000000000e+03
3.086000000000000000e+03
3.095000000000000000e+03
3.088000000000000000e+03
3.087000000000000000e+03
3.084000000000000000e+03
3.095000000000000000e+03
3.086000000000000000e+03
3.087000000000000000e+03
3.086000000000000000e+03
3.092000000000000000e+03
3.099000000000000000e+03
3.102000000000000000e+03
3.094000000000000000e+03
3.091000000000000000e+03
3.079000000000000000e+03
3.087000000000000000e+03
3.094000000000000000e+03
3.084000000000000000e+03
3.095000000000000000e+03
3.094000000000000000e+03
3.091000000000000000e+03
3.093000000000000000e+03
3.099000000000000000e+03
3.107000000000000000e+03
3.086000000000000000e+03
nan
nan
nan
nan
nan
nan
nan
nan
nan
nan
nan
nan
nan
nan
nan
nan
nan
nan
nan
nan
nan
nan
nan
nan
nan
nan
nan
nan
nan
nan
nan
nan
nan
nan
nan
nan
nan
nan
nan
nan
nan
nan
nan
nan
nan
nan
nan
nan
nan
nan
nan
nan
nan
nan
nan
nan
nan
nan
nan
nan
nan
nan
nan
nan
nan
nan
nan
nan
nan
nan
nan
nan
nan
nan
nan
nan
nan
nan
nan
nan
nan
nan
nan
nan
nan
nan
nan
nan
nan
nan
nan
nan
nan
nan
nan
nan
nan
nan
nan
nan
nan
nan
