2.459600000000000000e+04 7.480000000000000000e+02
2.416300000000000000e+04 1.802000000000000000e+03
2.274300000000000000e+04 3.557000000000000000e+03
2.060600000000000000e+04 4.404000000000000000e+03
1.970800000000000000e+04 4.726000000000000000e+03
1.994000000000000000e+04 5.451000000000000000e+03
1.883300000000000000e+04 6.718000000000000000e+03
1.891500000000000000e+04 8.108000000000000000e+03
1.792300000000000000e+04 8.396000000000000000e+03
1.584100000000000000e+04 9.246000000000000000e+03
1.629300000000000000e+04 8.992000000000000000e+03
1.660800000000000000e+04 9.688000000000000000e+03
1.545300000000000000e+04 8.805000000000000000e+03
1.503700000000000000e+04 1.071200000000000000e+04
1.532600000000000000e+04 9.638000000000000000e+03
1.498200000000000000e+04 9.476000000000000000e+03
1.547400000000000000e+04 1.040400000000000000e+04
1.522100000000000000e+04 8.278000000000000000e+03
1.298900000000000000e+04 8.414000000000000000e+03
