2.029400000000000000e+04 6.160000000000000000e+03
1.983200000000000000e+04 8.368000000000000000e+03
1.801200000000000000e+04 1.012500000000000000e+04
1.682700000000000000e+04 1.226600000000000000e+04
1.576200000000000000e+04 1.201300000000000000e+04
1.484200000000000000e+04 1.366900000000000000e+04
1.436100000000000000e+04 1.485400000000000000e+04
1.418000000000000000e+04 1.587900000000000000e+04
1.398400000000000000e+04 1.570500000000000000e+04
1.427000000000000000e+04 1.558700000000000000e+04
1.423700000000000000e+04 1.476900000000000000e+04
nan nan
nan nan
nan nan
nan nan
nan nan
nan nan
nan nan
nan nan
