2.406400000000000000e+04 7.520000000000000000e+02
2.258800000000000000e+04 1.610000000000000000e+03
2.182900000000000000e+04 2.899000000000000000e+03
2.064500000000000000e+04 4.098000000000000000e+03
1.970200000000000000e+04 4.510000000000000000e+03
1.920900000000000000e+04 4.992000000000000000e+03
1.897400000000000000e+04 6.471000000000000000e+03
1.808600000000000000e+04 6.783000000000000000e+03
1.677400000000000000e+04 6.687000000000000000e+03
1.617700000000000000e+04 8.063000000000000000e+03
1.623600000000000000e+04 7.418000000000000000e+03
1.515500000000000000e+04 8.403000000000000000e+03
1.499500000000000000e+04 8.235000000000000000e+03
1.512300000000000000e+04 9.794000000000000000e+03
1.541500000000000000e+04 9.324000000000000000e+03
1.539000000000000000e+04 9.472000000000000000e+03
1.521900000000000000e+04 9.817000000000000000e+03
1.400000000000000000e+04 9.702000000000000000e+03
1.425000000000000000e+04 1.028700000000000000e+04
