2.429000000000000000e+04 4.010000000000000000e+02
2.290300000000000000e+04 1.753000000000000000e+03
2.208200000000000000e+04 2.248000000000000000e+03
2.112300000000000000e+04 3.140000000000000000e+03
1.965600000000000000e+04 4.245000000000000000e+03
1.917200000000000000e+04 5.889000000000000000e+03
1.870200000000000000e+04 6.062000000000000000e+03
1.819400000000000000e+04 6.140000000000000000e+03
1.719000000000000000e+04 7.387000000000000000e+03
1.673500000000000000e+04 7.288000000000000000e+03
1.698300000000000000e+04 8.522000000000000000e+03
1.643700000000000000e+04 8.886000000000000000e+03
1.533300000000000000e+04 8.937000000000000000e+03
1.539800000000000000e+04 8.668000000000000000e+03
1.546100000000000000e+04 9.711000000000000000e+03
1.478700000000000000e+04 9.849000000000000000e+03
1.483300000000000000e+04 1.016500000000000000e+04
1.455700000000000000e+04 1.064100000000000000e+04
1.426900000000000000e+04 9.868000000000000000e+03
