2.486800000000000000e+04 6.920000000000000000e+02
2.319400000000000000e+04 2.025000000000000000e+03
2.194100000000000000e+04 2.611000000000000000e+03
2.157300000000000000e+04 3.865000000000000000e+03
2.066700000000000000e+04 4.921000000000000000e+03
1.972300000000000000e+04 5.185000000000000000e+03
1.810300000000000000e+04 5.741000000000000000e+03
1.842900000000000000e+04 6.588000000000000000e+03
1.729400000000000000e+04 6.926000000000000000e+03
1.631700000000000000e+04 8.378000000000000000e+03
1.616700000000000000e+04 8.188000000000000000e+03
1.583400000000000000e+04 8.691000000000000000e+03
1.540200000000000000e+04 9.030000000000000000e+03
1.599600000000000000e+04 9.717000000000000000e+03
1.541700000000000000e+04 9.649000000000000000e+03
1.562900000000000000e+04 9.917000000000000000e+03
1.598400000000000000e+04 1.034500000000000000e+04
1.528300000000000000e+04 1.044400000000000000e+04
1.595900000000000000e+04 1.117200000000000000e+04
