1.288000000000000000e+03 -9.570000000000000000e+02
-6.300000000000000000e+02 6.880000000000000000e+02
-9.900000000000000000e+01 -7.570000000000000000e+02
1.190000000000000000e+02 2.340000000000000000e+02
-3.020000000000000000e+02 1.670000000000000000e+02
-2.170000000000000000e+02 5.450000000000000000e+02
1.280000000000000000e+02 -2.930000000000000000e+02
-2.600000000000000000e+02 5.990000000000000000e+02
4.290000000000000000e+02 8.300000000000000000e+01
1.800000000000000000e+02 1.370000000000000000e+02
-2.620000000000000000e+02 7.520000000000000000e+02
-2.500000000000000000e+01 7.900000000000000000e+01
1.590000000000000000e+02 1.590000000000000000e+02
nan nan
nan nan
nan nan
nan nan
nan nan
nan nan
