6.892000000000000000e+03
6.887000000000000000e+03
6.900000000000000000e+03
6.894000000000000000e+03
6.900000000000000000e+03
6.898000000000000000e+03
6.893000000000000000e+03
6.894000000000000000e+03
6.901000000000000000e+03
6.898000000000000000e+03
6.899000000000000000e+03
6.884000000000000000e+03
6.900000000000000000e+03
6.910000000000000000e+03
6.895000000000000000e+03
6.880000000000000000e+03
6.870000000000000000e+03
6.896000000000000000e+03
6.883000000000000000e+03
6.877000000000000000e+03
6.882000000000000000e+03
6.889000000000000000e+03
6.871000000000000000e+03
6.885000000000000000e+03
6.874000000000000000e+03
6.871000000000000000e+03
6.863000000000000000e+03
6.872000000000000000e+03
6.883000000000000000e+03
6.897000000000000000e+03
6.891000000000000000e+03
6.883000000000000000e+03
6.885000000000000000e+03
6.887000000000000000e+03
6.885000000000000000e+03
6.888000000000000000e+03
6.890000000000000000e+03
6.893000000000000000e+03
6.893000000000000000e+03
6.893000000000000000e+03
6.909000000000000000e+03
6.888000000000000000e+03
6.896000000000000000e+03
6.889000000000000000e+03
6.882000000000000000e+03
6.896000000000000000e+03
6.891000000000000000e+03
6.887000000000000000e+03
6.883000000000000000e+03
6.887000000000000000e+03
6.890000000000000000e+03
6.896000000000000000e+03
6.886000000000000000e+03
6.874000000000000000e+03
6.853000000000000000e+03
6.869000000000000000e+03
6.867000000000000000e+03
6.870000000000000000e+03
6.865000000000000000e+03
6.861000000000000000e+03
6.861000000000000000e+03
6.874000000000000000e+03
6.871000000000000000e+03
6.871000000000000000e+03
6.876000000000000000e+03
6.859000000000000000e+03
6.865000000000000000e+03
6.849000000000000000e+03
6.870000000000000000e+03
6.842000000000000000e+03
6.842000000000000000e+03
6.844000000000000000e+03
6.858000000000000000e+03
6.861000000000000000e+03
6.864000000000000000e+03
6.869000000000000000e+03
6.859000000000000000e+03
6.838000000000000000e+03
6.837000000000000000e+03
6.823000000000000000e+03
6.834000000000000000e+03
6.861000000000000000e+03
6.885000000000000000e+03
6.888000000000000000e+03
6.871000000000000000e+03
6.854000000000000000e+03
6.861000000000000000e+03
6.866000000000000000e+03
6.866000000000000000e+03
6.875000000000000000e+03
6.884000000000000000e+03
6.864000000000000000e+03
6.855000000000000000e+03
6.886000000000000000e+03
6.882000000000000000e+03
6.886000000000000000e+03
6.895000000000000000e+03
6.887000000000000000e+03
6.863000000000000000e+03
6.858000000000000000e+03
6.858000000000000000e+03
6.862000000000000000e+03
6.859000000000000000e+03
6.861000000000000000e+03
6.866000000000000000e+03
6.880000000000000000e+03
6.887000000000000000e+03
6.876000000000000000e+03
6.875000000000000000e+03
6.877000000000000000e+03
6.874000000000000000e+03
6.866000000000000000e+03
6.868000000000000000e+03
6.870000000000000000e+03
6.864000000000000000e+03
6.866000000000000000e+03
6.857000000000000000e+03
6.855000000000000000e+03
6.850000000000000000e+03
6.863000000000000000e+03
6.863000000000000000e+03
6.860000000000000000e+03
6.846000000000000000e+03
6.862000000000000000e+03
6.873000000000000000e+03
6.876000000000000000e+03
6.882000000000000000e+03
6.870000000000000000e+03
6.880000000000000000e+03
6.877000000000000000e+03
6.874000000000000000e+03
6.873000000000000000e+03
6.880000000000000000e+03
6.880000000000000000e+03
6.872000000000000000e+03
6.862000000000000000e+03
6.870000000000000000e+03
6.859000000000000000e+03
6.865000000000000000e+03
6.872000000000000000e+03
6.888000000000000000e+03
6.872000000000000000e+03
6.864000000000000000e+03
6.862000000000000000e+03
6.870000000000000000e+03
6.874000000000000000e+03
6.868000000000000000e+03
6.880000000000000000e+03
6.866000000000000000e+03
6.864000000000000000e+03
6.853000000000000000e+03
6.842000000000000000e+03
6.842000000000000000e+03
6.860000000000000000e+03
6.849000000000000000e+03
6.839000000000000000e+03
6.839000000000000000e+03
6.839000000000000000e+03
6.848000000000000000e+03
6.854000000000000000e+03
6.851000000000000000e+03
6.841000000000000000e+03
6.832000000000000000e+03
6.850000000000000000e+03
6.845000000000000000e+03
6.864000000000000000e+03
6.848000000000000000e+03
6.859000000000000000e+03
6.854000000000000000e+03
6.865000000000000000e+03
6.858000000000000000e+03
6.870000000000000000e+03
6.856000000000000000e+03
6.868000000000000000e+03
6.860000000000000000e+03
6.863000000000000000e+03
6.854000000000000000e+03
6.866000000000000000e+03
6.854000000000000000e+03
6.853000000000000000e+03
6.858000000000000000e+03
6.847000000000000000e+03
6.838000000000000000e+03
6.841000000000000000e+03
6.834000000000000000e+03
6.854000000000000000e+03
6.869000000000000000e+03
6.864000000000000000e+03
6.866000000000000000e+03
6.853000000000000000e+03
6.853000000000000000e+03
6.842000000000000000e+03
6.846000000000000000e+03
6.844000000000000000e+03
6.851000000000000000e+03
6.845000000000000000e+03
6.863000000000000000e+03
6.864000000000000000e+03
6.863000000000000000e+03
6.853000000000000000e+03
6.849000000000000000e+03
6.857000000000000000e+03
6.857000000000000000e+03
6.860000000000000000e+03
6.862000000000000000e+03
6.849000000000000000e+03
6.862000000000000000e+03
6.857000000000000000e+03
6.858000000000000000e+03
6.858000000000000000e+03
6.837000000000000000e+03
6.854000000000000000e+03
6.850000000000000000e+03
6.881000000000000000e+03
6.857000000000000000e+03
6.865000000000000000e+03
6.872000000000000000e+03
6.861000000000000000e+03
6.851000000000000000e+03
6.848000000000000000e+03
6.859000000000000000e+03
6.854000000000000000e+03
6.853000000000000000e+03
6.844000000000000000e+03
6.856000000000000000e+03
6.868000000000000000e+03
6.872000000000000000e+03
6.874000000000000000e+03
6.875000000000000000e+03
6.877000000000000000e+03
6.859000000000000000e+03
6.849000000000000000e+03
6.844000000000000000e+03
6.847000000000000000e+03
6.856000000000000000e+03
6.845000000000000000e+03
6.846000000000000000e+03
6.843000000000000000e+03
6.872000000000000000e+03
6.845000000000000000e+03
6.863000000000000000e+03
6.860000000000000000e+03
6.854000000000000000e+03
6.852000000000000000e+03
6.856000000000000000e+03
6.847000000000000000e+03
6.862000000000000000e+03
6.854000000000000000e+03
6.861000000000000000e+03
6.852000000000000000e+03
6.843000000000000000e+03
6.838000000000000000e+03
6.839000000000000000e+03
6.841000000000000000e+03
6.851000000000000000e+03
6.858000000000000000e+03
6.850000000000000000e+03
6.835000000000000000e+03
6.836000000000000000e+03
6.835000000000000000e+03
6.830000000000000000e+03
6.841000000000000000e+03
6.836000000000000000e+03
6.841000000000000000e+03
6.831000000000000000e+03
6.831000000000000000e+03
6.832000000000000000e+03
6.820000000000000000e+03
6.842000000000000000e+03
6.841000000000000000e+03
6.837000000000000000e+03
6.848000000000000000e+03
6.852000000000000000e+03
6.853000000000000000e+03
6.843000000000000000e+03
6.849000000000000000e+03
6.848000000000000000e+03
6.858000000000000000e+03
6.846000000000000000e+03
6.850000000000000000e+03
6.857000000000000000e+03
6.852000000000000000e+03
6.850000000000000000e+03
6.833000000000000000e+03
6.831000000000000000e+03
6.827000000000000000e+03
6.822000000000000000e+03
6.817000000000000000e+03
6.832000000000000000e+03
6.835000000000000000e+03
6.842000000000000000e+03
6.838000000000000000e+03
6.831000000000000000e+03
6.829000000000000000e+03
6.833000000000000000e+03
6.835000000000000000e+03
6.838000000000000000e+03
6.835000000000000000e+03
6.836000000000000000e+03
6.829000000000000000e+03
6.846000000000000000e+03
6.852000000000000000e+03
6.850000000000000000e+03
6.845000000000000000e+03
6.846000000000000000e+03
6.848000000000000000e+03
6.841000000000000000e+03
6.849000000000000000e+03
6.842000000000000000e+03
6.846000000000000000e+03
6.848000000000000000e+03
6.854000000000000000e+03
6.844000000000000000e+03
6.855000000000000000e+03
6.841000000000000000e+03
6.845000000000000000e+03
6.841000000000000000e+03
6.839000000000000000e+03
6.844000000000000000e+03
6.841000000000000000e+03
6.848000000000000000e+03
6.848000000000000000e+03
6.847000000000000000e+03
6.835000000000000000e+03
6.834000000000000000e+03
6.830000000000000000e+03
6.825000000000000000e+03
6.839000000000000000e+03
6.843000000000000000e+03
6.841000000000000000e+03
6.838000000000000000e+03
6.832000000000000000e+03
6.834000000000000000e+03
6.834000000000000000e+03
6.835000000000000000e+03
6.832000000000000000e+03
6.819000000000000000e+03
6.825000000000000000e+03
6.824000000000000000e+03
6.824000000000000000e+03
6.816000000000000000e+03
6.802000000000000000e+03
6.807000000000000000e+03
6.809000000000000000e+03
6.814000000000000000e+03
6.812000000000000000e+03
6.797000000000000000e+03
6.800000000000000000e+03
6.816000000000000000e+03
6.810000000000000000e+03
6.803000000000000000e+03
6.809000000000000000e+03
6.809000000000000000e+03
6.809000000000000000e+03
6.816000000000000000e+03
6.817000000000000000e+03
6.814000000000000000e+03
6.802000000000000000e+03
6.803000000000000000e+03
6.793000000000000000e+03
6.813000000000000000e+03
6.807000000000000000e+03
6.814000000000000000e+03
6.812000000000000000e+03
6.801000000000000000e+03
6.800000000000000000e+03
6.793000000000000000e+03
6.792000000000000000e+03
6.795000000000000000e+03
6.804000000000000000e+03
6.800000000000000000e+03
6.805000000000000000e+03
6.795000000000000000e+03
6.820000000000000000e+03
6.810000000000000000e+03
6.807000000000000000e+03
6.814000000000000000e+03
6.809000000000000000e+03
6.798000000000000000e+03
6.805000000000000000e+03
6.795000000000000000e+03
6.801000000000000000e+03
6.794000000000000000e+03
6.798000000000000000e+03
6.802000000000000000e+03
6.801000000000000000e+03
6.793000000000000000e+03
6.799000000000000000e+03
6.800000000000000000e+03
6.785000000000000000e+03
6.787000000000000000e+03
6.799000000000000000e+03
6.797000000000000000e+03
6.782000000000000000e+03
6.790000000000000000e+03
6.787000000000000000e+03
6.790000000000000000e+03
6.791000000000000000e+03
6.791000000000000000e+03
6.799000000000000000e+03
6.799000000000000000e+03
6.792000000000000000e+03
6.791000000000000000e+03
6.787000000000000000e+03
6.790000000000000000e+03
6.790000000000000000e+03
6.782000000000000000e+03
6.785000000000000000e+03
6.791000000000000000e+03
6.781000000000000000e+03
6.781000000000000000e+03
6.794000000000000000e+03
6.785000000000000000e+03
6.795000000000000000e+03
6.793000000000000000e+03
6.805000000000000000e+03
6.790000000000000000e+03
6.787000000000000000e+03
6.776000000000000000e+03
6.775000000000000000e+03
6.781000000000000000e+03
6.785000000000000000e+03
6.781000000000000000e+03
6.780000000000000000e+03
6.790000000000000000e+03
6.781000000000000000e+03
6.790000000000000000e+03
6.769000000000000000e+03
6.773000000000000000e+03
6.785000000000000000e+03
6.778000000000000000e+03
6.773000000000000000e+03
6.780000000000000000e+03
6.771000000000000000e+03
6.782000000000000000e+03
6.784000000000000000e+03
6.775000000000000000e+03
6.783000000000000000e+03
6.790000000000000000e+03
6.782000000000000000e+03
6.785000000000000000e+03
6.781000000000000000e+03
6.772000000000000000e+03
6.794000000000000000e+03
6.791000000000000000e+03
6.784000000000000000e+03
6.780000000000000000e+03
6.798000000000000000e+03
6.799000000000000000e+03
6.790000000000000000e+03
6.792000000000000000e+03
6.798000000000000000e+03
6.782000000000000000e+03
6.790000000000000000e+03
6.798000000000000000e+03
6.786000000000000000e+03
6.781000000000000000e+03
6.785000000000000000e+03
6.785000000000000000e+03
6.785000000000000000e+03
6.778000000000000000e+03
6.790000000000000000e+03
6.791000000000000000e+03
6.775000000000000000e+03
6.781000000000000000e+03
6.780000000000000000e+03
6.797000000000000000e+03
6.787000000000000000e+03
6.793000000000000000e+03
6.781000000000000000e+03
6.776000000000000000e+03
6.787000000000000000e+03
6.805000000000000000e+03
6.794000000000000000e+03
6.797000000000000000e+03
6.790000000000000000e+03
6.790000000000000000e+03
6.793000000000000000e+03
6.782000000000000000e+03
6.781000000000000000e+03
6.781000000000000000e+03
6.783000000000000000e+03
6.779000000000000000e+03
6.794000000000000000e+03
6.796000000000000000e+03
6.790000000000000000e+03
6.787000000000000000e+03
6.794000000000000000e+03
6.790000000000000000e+03
6.793000000000000000e+03
6.787000000000000000e+03
6.800000000000000000e+03
6.790000000000000000e+03
6.802000000000000000e+03
6.799000000000000000e+03
6.792000000000000000e+03
6.783000000000000000e+03
6.794000000000000000e+03
6.797000000000000000e+03
6.793000000000000000e+03
6.800000000000000000e+03
6.798000000000000000e+03
6.802000000000000000e+03
6.791000000000000000e+03
6.805000000000000000e+03
6.798000000000000000e+03
6.790000000000000000e+03
6.790000000000000000e+03
6.780000000000000000e+03
6.779000000000000000e+03
6.797000000000000000e+03
6.790000000000000000e+03
6.807000000000000000e+03
6.790000000000000000e+03
6.794000000000000000e+03
6.782000000000000000e+03
6.796000000000000000e+03
6.801000000000000000e+03
6.793000000000000000e+03
6.792000000000000000e+03
6.785000000000000000e+03
6.786000000000000000e+03
6.787000000000000000e+03
6.782000000000000000e+03
6.794000000000000000e+03
6.792000000000000000e+03
6.797000000000000000e+03
6.808000000000000000e+03
6.808000000000000000e+03
6.813000000000000000e+03
6.801000000000000000e+03
6.806000000000000000e+03
6.791000000000000000e+03
6.790000000000000000e+03
6.798000000000000000e+03
6.801000000000000000e+03
6.801000000000000000e+03
6.803000000000000000e+03
6.790000000000000000e+03
6.793000000000000000e+03
6.805000000000000000e+03
6.802000000000000000e+03
6.802000000000000000e+03
6.799000000000000000e+03
6.794000000000000000e+03
6.809000000000000000e+03
6.815000000000000000e+03
6.812000000000000000e+03
6.809000000000000000e+03
6.814000000000000000e+03
6.805000000000000000e+03
6.805000000000000000e+03
6.816000000000000000e+03
6.826000000000000000e+03
6.822000000000000000e+03
6.830000000000000000e+03
6.817000000000000000e+03
6.817000000000000000e+03
6.806000000000000000e+03
6.797000000000000000e+03
6.804000000000000000e+03
6.810000000000000000e+03
6.792000000000000000e+03
6.802000000000000000e+03
6.816000000000000000e+03
6.808000000000000000e+03
6.809000000000000000e+03
6.808000000000000000e+03
6.806000000000000000e+03
6.810000000000000000e+03
6.809000000000000000e+03
6.808000000000000000e+03
6.819000000000000000e+03
6.824000000000000000e+03
6.819000000000000000e+03
6.812000000000000000e+03
6.821000000000000000e+03
6.830000000000000000e+03
6.809000000000000000e+03
6.813000000000000000e+03
6.810000000000000000e+03
6.816000000000000000e+03
6.805000000000000000e+03
6.798000000000000000e+03
6.811000000000000000e+03
6.817000000000000000e+03
6.823000000000000000e+03
6.821000000000000000e+03
6.822000000000000000e+03
6.809000000000000000e+03
6.824000000000000000e+03
6.819000000000000000e+03
6.811000000000000000e+03
6.803000000000000000e+03
6.803000000000000000e+03
6.804000000000000000e+03
6.806000000000000000e+03
6.805000000000000000e+03
6.809000000000000000e+03
6.807000000000000000e+03
6.802000000000000000e+03
6.806000000000000000e+03
6.798000000000000000e+03
6.811000000000000000e+03
6.813000000000000000e+03
6.815000000000000000e+03
6.811000000000000000e+03
nan
nan
nan
nan
nan
nan
nan
nan
nan
nan
nan
nan
nan
nan
nan
nan
nan
nan
nan
nan
nan
nan
nan
nan
nan
nan
nan
nan
nan
nan
nan
nan
nan
nan
nan
nan
nan
nan
nan
nan
nan
nan
nan
nan
nan
nan
nan
nan
nan
nan
nan
nan
nan
nan
nan
nan
nan
nan
nan
nan
nan
nan
nan
nan
nan
nan
nan
nan
nan
nan
nan
nan
nan
nan
nan
nan
nan
nan
nan
nan
nan
nan
nan
nan
nan
nan
nan
nan
nan
nan
nan
nan
nan
nan
nan
nan
nan
nan
nan
nan
nan
nan
nan
nan
nan
nan
nan
nan
nan
nan
nan
nan
nan
nan
nan
nan
nan
nan
nan
nan
nan
nan
nan
nan
nan
nan
nan
nan
nan
nan
nan
nan
nan
nan
nan
nan
nan
nan
nan
nan
nan
nan
nan
nan
nan
nan
nan
nan
nan
nan
nan
nan
nan
nan
nan
nan
nan
nan
nan
nan
nan
nan
nan
nan
nan
nan
nan
nan
nan
nan
nan
nan
nan
nan
nan
nan
nan
nan
nan
nan
nan
nan
nan
nan
nan
nan
nan
nan
nan
nan
nan
nan
nan
nan
nan
nan
nan
nan
nan
nan
nan
nan
nan
nan
nan
nan
nan
nan
nan
nan
nan
nan
nan
nan
nan
nan
nan
nan
nan
nan
nan
nan
nan
nan
nan
nan
nan
nan
nan
nan
nan
nan
nan
nan
nan
nan
nan
nan
nan
nan
nan
nan
nan
nan
nan
nan
nan
nan
nan
nan
nan
nan
nan
nan
nan
nan
nan
nan
nan
nan
nan
nan
nan
nan
nan
nan
nan
nan
nan
nan
nan
nan
nan
nan
nan
nan
nan
nan
nan
nan
nan
nan
nan
nan
nan
nan
nan
nan
nan
nan
nan
nan
nan
nan
nan
nan
nan
nan
nan
nan
nan
nan
nan
nan
nan
nan
nan
nan
nan
nan
nan
nan
nan
nan
nan
nan
nan
nan
nan
nan
nan
nan
nan
nan
nan
nan
nan
nan
nan
nan
nan
nan
nan
nan
nan
nan
nan
nan
nan
nan
nan
nan
nan
nan
nan
nan
nan
nan
nan
nan
nan
nan
nan
nan
nan
nan
nan
nan
nan
nan
nan
nan
nan
nan
nan
nan
nan
nan
nan
nan
nan
nan
nan
nan
nan
nan
nan
nan
nan
nan
nan
nan
nan
nan
nan
nan
nan
nan
nan
nan
nan
nan
nan
