2.391300000000000000e+04 5.025000000000000000e+03
4.968000000000000000e+03 2.559300000000000000e+04
1.497100000000000000e+04 1.503400000000000000e+04
2.496300000000000000e+04 4.851000000000000000e+03
9.958000000000000000e+03 2.026200000000000000e+04
8.951000000000000000e+03 2.362300000000000000e+04
2.300600000000000000e+04 6.561000000000000000e+03
1.650700000000000000e+04 1.494300000000000000e+04
5.420000000000000000e+03 2.414600000000000000e+04
1.850700000000000000e+04 1.072900000000000000e+04
2.261900000000000000e+04 1.022800000000000000e+04
7.139000000000000000e+03 2.346900000000000000e+04
1.487600000000000000e+04 1.608200000000000000e+04
2.263900000000000000e+04 6.893000000000000000e+03
1.229700000000000000e+04 2.008400000000000000e+04
1.042700000000000000e+04 2.064600000000000000e+04
2.107100000000000000e+04 7.212000000000000000e+03
1.736500000000000000e+04 1.540400000000000000e+04
7.978000000000000000e+03 2.230600000000000000e+04
