3.103000000000000000e+03
3.094000000000000000e+03
3.102000000000000000e+03
3.096000000000000000e+03
3.102000000000000000e+03
3.101000000000000000e+03
3.110000000000000000e+03
3.081000000000000000e+03
3.106000000000000000e+03
3.087000000000000000e+03
3.092000000000000000e+03
3.102000000000000000e+03
3.089000000000000000e+03
3.106000000000000000e+03
3.097000000000000000e+03
3.106000000000000000e+03
3.101000000000000000e+03
3.111000000000000000e+03
3.109000000000000000e+03
3.107000000000000000e+03
3.101000000000000000e+03
3.093000000000000000e+03
3.093000000000000000e+03
3.082000000000000000e+03
3.093000000000000000e+03
3.078000000000000000e+03
3.084000000000000000e+03
3.079000000000000000e+03
3.089000000000000000e+03
3.089000000000000000e+03
3.091000000000000000e+03
3.098000000000000000e+03
3.098000000000000000e+03
3.098000000000000000e+03
3.089000000000000000e+03
3.094000000000000000e+03
3.096000000000000000e+03
3.090000000000000000e+03
3.097000000000000000e+03
3.086000000000000000e+03
3.089000000000000000e+03
3.091000000000000000e+03
3.077000000000000000e+03
3.077000000000000000e+03
3.088000000000000000e+03
3.083000000000000000e+03
3.081000000000000000e+03
3.084000000000000000e+03
3.077000000000000000e+03
3.082000000000000000e+03
3.085000000000000000e+03
3.082000000000000000e+03
3.090000000000000000e+03
3.086000000000000000e+03
3.102000000000000000e+03
3.093000000000000000e+03
3.085000000000000000e+03
3.097000000000000000e+03
3.104000000000000000e+03
3.093000000000000000e+03
3.086000000000000000e+03
3.096000000000000000e+03
3.087000000000000000e+03
3.100000000000000000e+03
3.094000000000000000e+03
3.075000000000000000e+03
3.087000000000000000e+03
3.086000000000000000e+03
3.080000000000000000e+03
3.084000000000000000e+03
3.077000000000000000e+03
3.069000000000000000e+03
2.994000000000000000e+03
3.002000000000000000e+03
3.064000000000000000e+03
3.073000000000000000e+03
3.078000000000000000e+03
3.083000000000000000e+03
3.091000000000000000e+03
3.092000000000000000e+03
3.094000000000000000e+03
3.086000000000000000e+03
3.079000000000000000e+03
3.070000000000000000e+03
3.076000000000000000e+03
3.067000000000000000e+03
3.067000000000000000e+03
3.074000000000000000e+03
3.066000000000000000e+03
3.089000000000000000e+03
3.074000000000000000e+03
3.084000000000000000e+03
3.074000000000000000e+03
3.082000000000000000e+03
3.074000000000000000e+03
3.081000000000000000e+03
3.069000000000000000e+03
3.077000000000000000e+03
3.080000000000000000e+03
3.073000000000000000e+03
3.062000000000000000e+03
3.062000000000000000e+03
3.068000000000000000e+03
3.051000000000000000e+03
3.052000000000000000e+03
3.034000000000000000e+03
3.022000000000000000e+03
2.989000000000000000e+03
2.947000000000000000e+03
2.870000000000000000e+03
2.738000000000000000e+03
2.626000000000000000e+03
2.643000000000000000e+03
2.722000000000000000e+03
2.805000000000000000e+03
2.862000000000000000e+03
2.914000000000000000e+03
2.966000000000000000e+03
2.983000000000000000e+03
3.011000000000000000e+03
3.023000000000000000e+03
3.030000000000000000e+03
3.043000000000000000e+03
3.040000000000000000e+03
3.053000000000000000e+03
3.054000000000000000e+03
3.054000000000000000e+03
3.054000000000000000e+03
3.054000000000000000e+03
3.074000000000000000e+03
3.082000000000000000e+03
3.062000000000000000e+03
3.087000000000000000e+03
3.073000000000000000e+03
3.081000000000000000e+03
3.081000000000000000e+03
3.078000000000000000e+03
3.084000000000000000e+03
3.084000000000000000e+03
3.078000000000000000e+03
3.085000000000000000e+03
3.083000000000000000e+03
3.074000000000000000e+03
3.083000000000000000e+03
3.074000000000000000e+03
3.077000000000000000e+03
3.067000000000000000e+03
3.069000000000000000e+03
3.066000000000000000e+03
3.053000000000000000e+03
3.024000000000000000e+03
2.599000000000000000e+03
2.871000000000000000e+03
2.994000000000000000e+03
3.034000000000000000e+03
3.057000000000000000e+03
3.077000000000000000e+03
3.072000000000000000e+03
3.090000000000000000e+03
3.076000000000000000e+03
3.081000000000000000e+03
3.082000000000000000e+03
3.072000000000000000e+03
3.077000000000000000e+03
3.084000000000000000e+03
3.083000000000000000e+03
3.078000000000000000e+03
3.085000000000000000e+03
3.086000000000000000e+03
3.083000000000000000e+03
3.097000000000000000e+03
3.086000000000000000e+03
3.086000000000000000e+03
3.087000000000000000e+03
3.085000000000000000e+03
3.089000000000000000e+03
3.093000000000000000e+03
3.075000000000000000e+03
3.099000000000000000e+03
3.100000000000000000e+03
3.094000000000000000e+03
3.095000000000000000e+03
3.095000000000000000e+03
3.075000000000000000e+03
3.094000000000000000e+03
3.091000000000000000e+03
3.079000000000000000e+03
3.099000000000000000e+03
3.082000000000000000e+03
3.099000000000000000e+03
3.083000000000000000e+03
3.086000000000000000e+03
3.092000000000000000e+03
3.076000000000000000e+03
3.089000000000000000e+03
3.084000000000000000e+03
3.092000000000000000e+03
3.082000000000000000e+03
3.095000000000000000e+03
3.087000000000000000e+03
3.082000000000000000e+03
3.094000000000000000e+03
3.092000000000000000e+03
3.090000000000000000e+03
3.081000000000000000e+03
3.094000000000000000e+03
3.098000000000000000e+03
3.098000000000000000e+03
3.100000000000000000e+03
3.087000000000000000e+03
3.088000000000000000e+03
3.086000000000000000e+03
3.094000000000000000e+03
3.088000000000000000e+03
3.106000000000000000e+03
3.085000000000000000e+03
3.097000000000000000e+03
3.078000000000000000e+03
3.094000000000000000e+03
3.086000000000000000e+03
3.090000000000000000e+03
3.099000000000000000e+03
3.082000000000000000e+03
3.103000000000000000e+03
3.087000000000000000e+03
3.086000000000000000e+03
3.096000000000000000e+03
3.092000000000000000e+03
3.110000000000000000e+03
3.089000000000000000e+03
3.092000000000000000e+03
3.085000000000000000e+03
3.098000000000000000e+03
3.079000000000000000e+03
3.096000000000000000e+03
3.090000000000000000e+03
3.091000000000000000e+03
3.093000000000000000e+03
3.098000000000000000e+03
3.087000000000000000e+03
3.091000000000000000e+03
3.097000000000000000e+03
3.105000000000000000e+03
3.098000000000000000e+03
3.089000000000000000e+03
3.084000000000000000e+03
3.089000000000000000e+03
3.087000000000000000e+03
3.083000000000000000e+03
3.091000000000000000e+03
3.102000000000000000e+03
3.088000000000000000e+03
3.094000000000000000e+03
3.089000000000000000e+03
3.093000000000000000e+03
3.093000000000000000e+03
3.088000000000000000e+03
3.078000000000000000e+03
3.098000000000000000e+03
3.099000000000000000e+03
3.096000000000000000e+03
3.096000000000000000e+03
3.102000000000000000e+03
3.094000000000000000e+03
3.083000000000000000e+03
3.096000000000000000e+03
3.094000000000000000e+03
3.085000000000000000e+03
3.083000000000000000e+03
3.098000000000000000e+03
3.089000000000000000e+03
3.084000000000000000e+03
3.089000000000000000e+03
3.083000000000000000e+03
3.089000000000000000e+03
3.084000000000000000e+03
3.086000000000000000e+03
3.086000000000000000e+03
3.088000000000000000e+03
3.075000000000000000e+03
3.083000000000000000e+03
3.089000000000000000e+03
3.080000000000000000e+03
3.094000000000000000e+03
3.091000000000000000e+03
3.089000000000000000e+03
3.082000000000000000e+03
3.105000000000000000e+03
3.088000000000000000e+03
3.090000000000000000e+03
3.094000000000000000e+03
3.083000000000000000e+03
3.107000000000000000e+03
3.086000000000000000e+03
3.096000000000000000e+03
3.086000000000000000e+03
3.096000000000000000e+03
3.099000000000000000e+03
3.106000000000000000e+03
3.093000000000000000e+03
3.085000000000000000e+03
3.094000000000000000e+03
3.084000000000000000e+03
3.095000000000000000e+03
3.091000000000000000e+03
3.093000000000000000e+03
3.096000000000000000e+03
3.092000000000000000e+03
3.085000000000000000e+03
3.090000000000000000e+03
3.100000000000000000e+03
3.084000000000000000e+03
3.089000000000000000e+03
3.074000000000000000e+03
3.096000000000000000e+03
3.086000000000000000e+03
3.076000000000000000e+03
3.089000000000000000e+03
3.087000000000000000e+03
3.076000000000000000e+03
3.087000000000000000e+03
3.083000000000000000e+03
3.075000000000000000e+03
3.075000000000000000e+03
3.075000000000000000e+03
3.089000000000000000e+03
3.088000000000000000e+03
3.085000000000000000e+03
3.091000000000000000e+03
3.082000000000000000e+03
3.084000000000000000e+03
3.082000000000000000e+03
3.093000000000000000e+03
3.080000000000000000e+03
3.088000000000000000e+03
3.098000000000000000e+03
3.084000000000000000e+03
3.080000000000000000e+03
3.098000000000000000e+03
3.088000000000000000e+03
3.083000000000000000e+03
3.078000000000000000e+03
3.098000000000000000e+03
3.085000000000000000e+03
3.078000000000000000e+03
3.090000000000000000e+03
3.088000000000000000e+03
3.090000000000000000e+03
3.085000000000000000e+03
3.074000000000000000e+03
3.079000000000000000e+03
3.092000000000000000e+03
3.081000000000000000e+03
3.085000000000000000e+03
3.074000000000000000e+03
3.089000000000000000e+03
3.096000000000000000e+03
3.084000000000000000e+03
3.085000000000000000e+03
3.101000000000000000e+03
3.087000000000000000e+03
3.085000000000000000e+03
3.075000000000000000e+03
3.100000000000000000e+03
3.083000000000000000e+03
3.089000000000000000e+03
3.082000000000000000e+03
3.093000000000000000e+03
3.080000000000000000e+03
3.077000000000000000e+03
