2.241600000000000000e+04 3.500000000000000000e+02
2.418000000000000000e+04 1.573000000000000000e+03
2.322300000000000000e+04 1.865000000000000000e+03
2.167200000000000000e+04 2.562000000000000000e+03
2.110700000000000000e+04 3.853000000000000000e+03
1.993200000000000000e+04 4.796000000000000000e+03
1.899000000000000000e+04 5.732000000000000000e+03
1.946900000000000000e+04 6.086000000000000000e+03
1.880200000000000000e+04 6.702000000000000000e+03
1.890800000000000000e+04 7.485000000000000000e+03
1.710400000000000000e+04 9.491000000000000000e+03
1.707300000000000000e+04 7.571000000000000000e+03
1.695400000000000000e+04 9.052000000000000000e+03
1.773100000000000000e+04 8.708000000000000000e+03
1.593200000000000000e+04 9.324000000000000000e+03
nan nan
nan nan
nan nan
nan nan
