1.658700000000000000e+04 6.350000000000000000e+03
1.902800000000000000e+04 9.381000000000000000e+03
1.861500000000000000e+04 9.745000000000000000e+03
1.888400000000000000e+04 1.062000000000000000e+04
1.906600000000000000e+04 1.139400000000000000e+04
1.761800000000000000e+04 1.129100000000000000e+04
1.756200000000000000e+04 1.191200000000000000e+04
1.858800000000000000e+04 1.210900000000000000e+04
1.887500000000000000e+04 1.193400000000000000e+04
1.709900000000000000e+04 1.223600000000000000e+04
1.722900000000000000e+04 1.224300000000000000e+04
1.734500000000000000e+04 1.234200000000000000e+04
1.729000000000000000e+04 1.259300000000000000e+04
1.701400000000000000e+04 1.305900000000000000e+04
1.685200000000000000e+04 1.380200000000000000e+04
1.613000000000000000e+04 1.206200000000000000e+04
1.663100000000000000e+04 1.261900000000000000e+04
1.662800000000000000e+04 1.297000000000000000e+04
1.764900000000000000e+04 1.304700000000000000e+04
1.776600000000000000e+04 1.390800000000000000e+04
1.691700000000000000e+04 1.220400000000000000e+04
1.746100000000000000e+04 1.326200000000000000e+04
1.672800000000000000e+04 1.329700000000000000e+04
1.667500000000000000e+04 1.405600000000000000e+04
1.614200000000000000e+04 1.429000000000000000e+04
1.725800000000000000e+04 1.283300000000000000e+04
1.626200000000000000e+04 1.455700000000000000e+04
1.755000000000000000e+04 1.354000000000000000e+04
1.673700000000000000e+04 1.329200000000000000e+04
1.612300000000000000e+04 1.384800000000000000e+04
1.647700000000000000e+04 1.327700000000000000e+04
1.681500000000000000e+04 1.406200000000000000e+04
1.697600000000000000e+04 1.377800000000000000e+04
1.626300000000000000e+04 1.311500000000000000e+04
1.559800000000000000e+04 1.427900000000000000e+04
1.607700000000000000e+04 1.445600000000000000e+04
1.634600000000000000e+04 1.360500000000000000e+04
1.678200000000000000e+04 1.392500000000000000e+04
1.547000000000000000e+04 1.463600000000000000e+04
1.701300000000000000e+04 1.398900000000000000e+04
1.660900000000000000e+04 1.459400000000000000e+04
1.578000000000000000e+04 1.382500000000000000e+04
1.674300000000000000e+04 1.419200000000000000e+04
1.612200000000000000e+04 1.318300000000000000e+04
1.546700000000000000e+04 1.481900000000000000e+04
1.574200000000000000e+04 1.565100000000000000e+04
1.679200000000000000e+04 nan
nan nan
nan nan
nan nan
nan nan
nan nan
nan nan
nan nan
nan nan
nan nan
nan nan
nan nan
nan nan
