1.951600000000000000e+04 6.928000000000000000e+03
1.912600000000000000e+04 9.810000000000000000e+03
1.789500000000000000e+04 1.054000000000000000e+04
1.666300000000000000e+04 1.168100000000000000e+04
1.596200000000000000e+04 1.186900000000000000e+04
1.682900000000000000e+04 1.274800000000000000e+04
1.557900000000000000e+04 1.302200000000000000e+04
1.563100000000000000e+04 1.369400000000000000e+04
1.552700000000000000e+04 1.338200000000000000e+04
1.586800000000000000e+04 1.362100000000000000e+04
1.561900000000000000e+04 1.375700000000000000e+04
1.539400000000000000e+04 1.492700000000000000e+04
1.550100000000000000e+04 1.473500000000000000e+04
1.566700000000000000e+04 1.439000000000000000e+04
