3.661000000000000000e+03 2.785400000000000000e+04
2.669000000000000000e+03 2.291300000000000000e+04
4.467000000000000000e+03 2.464200000000000000e+04
3.194000000000000000e+03 2.352000000000000000e+04
5.912000000000000000e+03 2.261300000000000000e+04
6.150000000000000000e+03 2.252600000000000000e+04
8.150000000000000000e+03 2.036800000000000000e+04
8.681000000000000000e+03 1.992500000000000000e+04
9.783000000000000000e+03 2.035900000000000000e+04
9.447000000000000000e+03 1.917300000000000000e+04
9.763000000000000000e+03 1.773500000000000000e+04
1.030200000000000000e+04 1.801000000000000000e+04
1.121400000000000000e+04 1.744300000000000000e+04
1.124500000000000000e+04 1.668100000000000000e+04
1.260200000000000000e+04 1.719900000000000000e+04
1.415400000000000000e+04 1.657300000000000000e+04
1.418700000000000000e+04 1.671900000000000000e+04
1.290400000000000000e+04 1.541600000000000000e+04
1.234800000000000000e+04 1.599600000000000000e+04
1.302300000000000000e+04 1.621700000000000000e+04
