4.939000000000000000e+03 2.594200000000000000e+04
5.107000000000000000e+03 2.557900000000000000e+04
4.049000000000000000e+03 2.552500000000000000e+04
4.911000000000000000e+03 2.369200000000000000e+04
6.153000000000000000e+03 2.272000000000000000e+04
7.605000000000000000e+03 2.292400000000000000e+04
8.155000000000000000e+03 2.173600000000000000e+04
9.548000000000000000e+03 2.062000000000000000e+04
8.498000000000000000e+03 1.787100000000000000e+04
1.050100000000000000e+04 1.949200000000000000e+04
1.590200000000000000e+04 1.866400000000000000e+04
1.423400000000000000e+04 1.837700000000000000e+04
1.110600000000000000e+04 1.824200000000000000e+04
1.193700000000000000e+04 1.792100000000000000e+04
1.348700000000000000e+04 1.855000000000000000e+04
1.135400000000000000e+04 1.525800000000000000e+04
1.222600000000000000e+04 1.802200000000000000e+04
1.224600000000000000e+04 1.726500000000000000e+04
1.252100000000000000e+04 1.773000000000000000e+04
1.238900000000000000e+04 1.633800000000000000e+04
