6.863000000000000000e+03 1.803000000000000000e+03
1.323000000000000000e+03 1.128000000000000000e+03
-1.990000000000000000e+02 -4.350000000000000000e+02
4.750000000000000000e+02 -4.180000000000000000e+02
-4.730000000000000000e+02 -2.360000000000000000e+02
2.550000000000000000e+02 -3.550000000000000000e+02
5.260000000000000000e+02 1.800000000000000000e+02
-4.200000000000000000e+02 7.560000000000000000e+02
4.750000000000000000e+02 -6.190000000000000000e+02
-1.780000000000000000e+02 -4.860000000000000000e+02
1.630000000000000000e+02 -6.870000000000000000e+02
-2.300000000000000000e+01 -6.730000000000000000e+02
5.890000000000000000e+02 -5.600000000000000000e+01
9.520000000000000000e+02 -2.050000000000000000e+02
1.960000000000000000e+02 7.200000000000000000e+01
-9.690000000000000000e+02 1.000000000000000000e+02
-3.760000000000000000e+02 2.200000000000000000e+01
-8.050000000000000000e+02 -5.300000000000000000e+02
4.240000000000000000e+02 2.910000000000000000e+02
