1.894200000000000000e+04 6.907000000000000000e+03
1.740000000000000000e+04 9.226000000000000000e+03
1.693800000000000000e+04 9.682000000000000000e+03
1.630700000000000000e+04 1.165800000000000000e+04
1.693400000000000000e+04 1.146200000000000000e+04
1.647700000000000000e+04 1.243000000000000000e+04
1.494000000000000000e+04 1.264200000000000000e+04
1.569800000000000000e+04 1.429800000000000000e+04
1.639500000000000000e+04 1.330200000000000000e+04
1.610100000000000000e+04 1.334700000000000000e+04
1.543100000000000000e+04 1.327600000000000000e+04
1.491900000000000000e+04 1.377100000000000000e+04
1.552800000000000000e+04 1.415200000000000000e+04
1.587700000000000000e+04 1.489100000000000000e+04
