2.203600000000000000e+04 7.690000000000000000e+02
2.275500000000000000e+04 1.890000000000000000e+03
2.148900000000000000e+04 2.720000000000000000e+03
2.119200000000000000e+04 3.123000000000000000e+03
2.033900000000000000e+04 4.941000000000000000e+03
1.917200000000000000e+04 6.137000000000000000e+03
1.918000000000000000e+04 6.044000000000000000e+03
1.823900000000000000e+04 7.856000000000000000e+03
1.765600000000000000e+04 7.745000000000000000e+03
1.712400000000000000e+04 9.187000000000000000e+03
1.633600000000000000e+04 7.982000000000000000e+03
1.511200000000000000e+04 7.855000000000000000e+03
1.503300000000000000e+04 8.451000000000000000e+03
1.525000000000000000e+04 9.404000000000000000e+03
1.532100000000000000e+04 9.990000000000000000e+03
1.605800000000000000e+04 1.075400000000000000e+04
1.584100000000000000e+04 1.011700000000000000e+04
1.596700000000000000e+04 1.125000000000000000e+04
1.528200000000000000e+04 1.130500000000000000e+04
