1.867300000000000000e+04 6.648000000000000000e+03
1.775700000000000000e+04 9.146000000000000000e+03
1.629500000000000000e+04 1.047500000000000000e+04
1.555700000000000000e+04 1.154800000000000000e+04
1.561300000000000000e+04 1.142500000000000000e+04
1.582200000000000000e+04 1.233400000000000000e+04
1.492000000000000000e+04 1.219800000000000000e+04
1.561400000000000000e+04 1.400400000000000000e+04
1.511300000000000000e+04 1.376400000000000000e+04
1.441300000000000000e+04 1.335800000000000000e+04
1.534500000000000000e+04 1.374200000000000000e+04
1.418800000000000000e+04 1.281800000000000000e+04
1.529500000000000000e+04 1.378900000000000000e+04
1.515600000000000000e+04 1.380800000000000000e+04
