1.908300000000000000e+04 7.766000000000000000e+03
1.877400000000000000e+04 1.010100000000000000e+04
1.850000000000000000e+04 1.036700000000000000e+04
1.725900000000000000e+04 1.145200000000000000e+04
1.765500000000000000e+04 1.246000000000000000e+04
1.733500000000000000e+04 1.223400000000000000e+04
1.678600000000000000e+04 1.386500000000000000e+04
1.628100000000000000e+04 1.408400000000000000e+04
1.667100000000000000e+04 1.384400000000000000e+04
1.620100000000000000e+04 1.498500000000000000e+04
1.668500000000000000e+04 1.512200000000000000e+04
1.676700000000000000e+04 1.512700000000000000e+04
1.620700000000000000e+04 1.456000000000000000e+04
1.656400000000000000e+04 1.485700000000000000e+04
1.685900000000000000e+04 1.584500000000000000e+04
nan nan
nan nan
nan nan
nan nan
