1.791900000000000000e+04 7.495000000000000000e+03
1.897700000000000000e+04 1.048800000000000000e+04
1.730600000000000000e+04 1.145700000000000000e+04
1.711400000000000000e+04 1.055500000000000000e+04
1.658600000000000000e+04 1.354400000000000000e+04
1.652900000000000000e+04 1.354300000000000000e+04
1.539500000000000000e+04 1.271500000000000000e+04
1.608500000000000000e+04 1.325000000000000000e+04
1.642500000000000000e+04 1.377300000000000000e+04
1.621400000000000000e+04 1.383700000000000000e+04
1.537100000000000000e+04 1.404800000000000000e+04
1.624500000000000000e+04 1.443100000000000000e+04
1.561500000000000000e+04 1.322000000000000000e+04
1.565700000000000000e+04 1.367400000000000000e+04
1.538700000000000000e+04 1.458400000000000000e+04
1.606800000000000000e+04 1.480900000000000000e+04
1.499100000000000000e+04 1.496300000000000000e+04
1.533100000000000000e+04 1.438800000000000000e+04
1.532400000000000000e+04 1.426200000000000000e+04
nan nan
nan nan
nan nan
nan nan
nan nan
nan nan
nan nan
nan nan
nan nan
nan nan
