6.684000000000000000e+03 3.446516625394833227e+03
6.678000000000000000e+03 3.446514882983039570e+03
6.690000000000000000e+03 3.446513144726034170e+03
6.701000000000000000e+03 3.446531607513905783e+03
6.712000000000000000e+03 3.446529136690480755e+03
6.724000000000000000e+03 3.446527463679774883e+03
6.727000000000000000e+03 3.446525611081504394e+03
6.737000000000000000e+03 3.446523857085534473e+03
6.751000000000000000e+03 3.446521856035533347e+03
6.758000000000000000e+03 3.446519900643087567e+03
6.779000000000000000e+03 3.446518162672423841e+03
6.777000000000000000e+03 3.446516251737359198e+03
6.791000000000000000e+03 3.446514182373415224e+03
6.793000000000000000e+03 3.446512432168739906e+03
6.800000000000000000e+03 3.446510893514275722e+03
6.803000000000000000e+03 3.446508532835782262e+03
6.799000000000000000e+03 3.446506447006243889e+03
6.791000000000000000e+03 3.446505632009013880e+03
6.803000000000000000e+03 3.446501841408135078e+03
6.827000000000000000e+03 3.446500123077631542e+03
6.843000000000000000e+03 3.446497986282967304e+03
6.857000000000000000e+03 3.446496315366377985e+03
6.865000000000000000e+03 3.446494123196130658e+03
6.868000000000000000e+03 3.446491949580515211e+03
6.877000000000000000e+03 3.446490291144340517e+03
6.884000000000000000e+03 3.446488500361390834e+03
6.890000000000000000e+03 3.446486079009042896e+03
6.895000000000000000e+03 3.446484299991503576e+03
6.890000000000000000e+03 3.446482285879480514e+03
6.887000000000000000e+03 3.446480113872394668e+03
6.860000000000000000e+03 3.446478072699588211e+03
6.825000000000000000e+03 3.446475982311947519e+03
6.777000000000000000e+03 3.446474258505987564e+03
6.716000000000000000e+03 3.446472211155582499e+03
6.689000000000000000e+03 3.446470405848380324e+03
6.782000000000000000e+03 3.446468401903160611e+03
6.862000000000000000e+03 3.446466664655179557e+03
6.915000000000000000e+03 3.446464818384572936e+03
6.939000000000000000e+03 3.446462582706576541e+03
6.956000000000000000e+03 3.446459822206365970e+03
6.971000000000000000e+03 3.446458189234910151e+03
6.989000000000000000e+03 3.446457937726868295e+03
7.003000000000000000e+03 3.446454655534320864e+03
7.005000000000000000e+03 3.446451851881586208e+03
7.025000000000000000e+03 3.446450051725804315e+03
7.034000000000000000e+03 3.446448083353220682e+03
7.039000000000000000e+03 3.446445953294703031e+03
7.043000000000000000e+03 3.446444072385875188e+03
7.047000000000000000e+03 3.446442401123751097e+03
7.054000000000000000e+03 3.446440081208136235e+03
7.061000000000000000e+03 3.446438304363709449e+03
7.059000000000000000e+03 3.446436398239120535e+03
7.067000000000000000e+03 3.446434500904043944e+03
7.055000000000000000e+03 3.446432266018779046e+03
7.037000000000000000e+03 3.446430531831320422e+03
7.027000000000000000e+03 3.446428608291485034e+03
7.004000000000000000e+03 3.446426760608532732e+03
6.935000000000000000e+03 3.446424531421393112e+03
6.858000000000000000e+03 3.446422849016992132e+03
6.720000000000000000e+03 3.446420910056644061e+03
6.487000000000000000e+03 3.446419437980082421e+03
6.090000000000000000e+03 3.446416900217762304e+03
5.881000000000000000e+03 3.446415009739773268e+03
6.060000000000000000e+03 3.446413103801535726e+03
6.471000000000000000e+03 3.446410801180894396e+03
6.817000000000000000e+03 3.446409256957122125e+03
7.006000000000000000e+03 3.446408171451782891e+03
7.125000000000000000e+03 3.446404656254977454e+03
7.179000000000000000e+03 3.446403937828785274e+03
7.240000000000000000e+03 3.446400404236993836e+03
7.284000000000000000e+03 3.446398663704786941e+03
7.322000000000000000e+03 3.446396638216990596e+03
7.354000000000000000e+03 3.446394640157837784e+03
7.380000000000000000e+03 3.446392598921205717e+03
7.412000000000000000e+03 3.446390201371594230e+03
7.429000000000000000e+03 3.446388710838202314e+03
7.450000000000000000e+03 3.446386640585617442e+03
7.469000000000000000e+03 3.446384631722285576e+03
7.492000000000000000e+03 3.446383056121540449e+03
7.514000000000000000e+03 3.446381215430189513e+03
7.529000000000000000e+03 3.446378903063346570e+03
7.546000000000000000e+03 3.446377060771618744e+03
7.559000000000000000e+03 3.446375248668067343e+03
7.586000000000000000e+03 3.446372979541659788e+03
7.606000000000000000e+03 3.446371186191052402e+03
7.623000000000000000e+03 3.446369275081784053e+03
7.637000000000000000e+03 3.446367212883939374e+03
7.659000000000000000e+03 3.446365344989566893e+03
7.656000000000000000e+03 3.446363416810116632e+03
7.675000000000000000e+03 3.446361345994774638e+03
7.674000000000000000e+03 3.446359617661402353e+03
7.669000000000000000e+03 3.446357175746159555e+03
7.645000000000000000e+03 3.446355129568757548e+03
7.615000000000000000e+03 3.446353320345495376e+03
7.637000000000000000e+03 3.446351468147069227e+03
7.698000000000000000e+03 3.446349369877485515e+03
7.741000000000000000e+03 3.446347455671713305e+03
7.776000000000000000e+03 3.446345737642934182e+03
7.787000000000000000e+03 3.446343676097225853e+03
7.798000000000000000e+03 3.446341208463503790e+03
7.805000000000000000e+03 3.446339324357685655e+03
7.818000000000000000e+03 3.446337247040865350e+03
7.830000000000000000e+03 3.446334837493010582e+03
7.845000000000000000e+03 3.446332186898193413e+03
7.841000000000000000e+03 3.446331917278173933e+03
7.858000000000000000e+03 3.446329166239093411e+03
7.864000000000000000e+03 3.446326815225994778e+03
7.865000000000000000e+03 3.446324747443641627e+03
7.879000000000000000e+03 3.446323017044528569e+03
7.889000000000000000e+03 3.446321353499562065e+03
7.884000000000000000e+03 3.446318520447642641e+03
7.895000000000000000e+03 3.446316438089252188e+03
7.899000000000000000e+03 3.446314547668837804e+03
7.911000000000000000e+03 3.446312742739454734e+03
7.919000000000000000e+03 3.446310877023644480e+03
7.926000000000000000e+03 3.446308904933030135e+03
7.919000000000000000e+03 3.446306721823335010e+03
7.929000000000000000e+03 3.446304933219809300e+03
7.934000000000000000e+03 3.446302570175531855e+03
7.945000000000000000e+03 3.446300921949225085e+03
7.937000000000000000e+03 3.446299023501765078e+03
7.948000000000000000e+03 3.446297227666717390e+03
7.964000000000000000e+03 3.446295033053267161e+03
7.965000000000000000e+03 3.446293261368682579e+03
7.967000000000000000e+03 3.446291070056175158e+03
7.974000000000000000e+03 3.446288966755565980e+03
7.988000000000000000e+03 3.446286989239348259e+03
7.997000000000000000e+03 3.446284603600117407e+03
8.000000000000000000e+03 3.446282632227904742e+03
8.018000000000000000e+03 3.446280728851069853e+03
8.021000000000000000e+03 3.446278337719340016e+03
8.027000000000000000e+03 3.446276825259993529e+03
8.042000000000000000e+03 3.446276023046434602e+03
8.041000000000000000e+03 3.446272240760171371e+03
8.054000000000000000e+03 3.446269990714589767e+03
8.061000000000000000e+03 3.446268260305727836e+03
8.083000000000000000e+03 3.446266569857506511e+03
8.091000000000000000e+03 3.446264370602101280e+03
8.102000000000000000e+03 3.446262443947742213e+03
8.111000000000000000e+03 3.446260463094191891e+03
8.122000000000000000e+03 3.446258485578876844e+03
8.120000000000000000e+03 3.446256315957098195e+03
8.127000000000000000e+03 3.446254340034864072e+03
8.136000000000000000e+03 3.446252494804085927e+03
8.149000000000000000e+03 3.446250162059141076e+03
8.169000000000000000e+03 3.446248468826656790e+03
8.174000000000000000e+03 3.446246355012412096e+03
8.179000000000000000e+03 3.446244610164207188e+03
8.190000000000000000e+03 3.446242059642274853e+03
8.202000000000000000e+03 3.446240390369047418e+03
8.206000000000000000e+03 3.446237161867239138e+03
8.217000000000000000e+03 3.446237147956581794e+03
8.235000000000000000e+03 3.446233364797551985e+03
8.242000000000000000e+03 3.446231619703978595e+03
8.253000000000000000e+03 3.446229661031189607e+03
8.258000000000000000e+03 3.446227825675117856e+03
8.268000000000000000e+03 3.446225682465471891e+03
8.273000000000000000e+03 3.446223622360371337e+03
8.280000000000000000e+03 3.446221493584107066e+03
8.291000000000000000e+03 3.446219562351556306e+03
8.291000000000000000e+03 3.446217576993370585e+03
8.306000000000000000e+03 3.446215514336726301e+03
8.306000000000000000e+03 3.446213494463791449e+03
8.309000000000000000e+03 3.446211438335416915e+03
8.312000000000000000e+03 3.446209020442749079e+03
8.320000000000000000e+03 3.446207073975528147e+03
8.328000000000000000e+03 3.446205116250648189e+03
8.330000000000000000e+03 3.446202883239949188e+03
8.331000000000000000e+03 3.446201096310658158e+03
8.330000000000000000e+03 3.446199126523637460e+03
8.339000000000000000e+03 3.446197234030609252e+03
8.342000000000000000e+03 3.446194975585144221e+03
8.331000000000000000e+03 3.446192937027631160e+03
8.330000000000000000e+03 3.446190898353369448e+03
8.332000000000000000e+03 3.446189287994018287e+03
8.331000000000000000e+03 3.446186797429463695e+03
8.330000000000000000e+03 3.446185122536004201e+03
8.331000000000000000e+03 3.446183265159051643e+03
8.331000000000000000e+03 3.446181000226177730e+03
8.336000000000000000e+03 3.446178907859947230e+03
8.325000000000000000e+03 3.446176947990400095e+03
8.324000000000000000e+03 3.446174927223353734e+03
8.324000000000000000e+03 3.446173248394115944e+03
8.309000000000000000e+03 3.446170952755704093e+03
8.314000000000000000e+03 3.446169312777902633e+03
8.306000000000000000e+03 3.446167587194443058e+03
8.300000000000000000e+03 3.446166315175592445e+03
8.300000000000000000e+03 3.446162861620399781e+03
8.299000000000000000e+03 3.446160666277487962e+03
8.299000000000000000e+03 3.446158645162629000e+03
8.295000000000000000e+03 3.446156722816245292e+03
8.290000000000000000e+03 3.446154724518892181e+03
8.291000000000000000e+03 3.446152704582022125e+03
8.290000000000000000e+03 3.446150890615128901e+03
8.282000000000000000e+03 3.446148631829094938e+03
8.278000000000000000e+03 3.446146931591542398e+03
8.279000000000000000e+03 3.446144799658663942e+03
8.278000000000000000e+03 3.446142802366402520e+03
8.280000000000000000e+03 3.446140582515385631e+03
8.264000000000000000e+03 3.446138595827387235e+03
