3.098000000000000000e+03
3.079000000000000000e+03
3.081000000000000000e+03
3.075000000000000000e+03
3.074000000000000000e+03
3.098000000000000000e+03
3.086000000000000000e+03
3.081000000000000000e+03
3.005000000000000000e+03
3.050000000000000000e+03
3.059000000000000000e+03
3.081000000000000000e+03
3.079000000000000000e+03
3.077000000000000000e+03
3.073000000000000000e+03
3.086000000000000000e+03
3.078000000000000000e+03
3.083000000000000000e+03
3.089000000000000000e+03
3.080000000000000000e+03
3.088000000000000000e+03
3.078000000000000000e+03
3.088000000000000000e+03
3.079000000000000000e+03
3.091000000000000000e+03
3.078000000000000000e+03
3.075000000000000000e+03
3.083000000000000000e+03
3.093000000000000000e+03
3.083000000000000000e+03
3.098000000000000000e+03
3.085000000000000000e+03
3.082000000000000000e+03
3.074000000000000000e+03
3.098000000000000000e+03
3.075000000000000000e+03
3.077000000000000000e+03
3.079000000000000000e+03
3.079000000000000000e+03
3.087000000000000000e+03
3.076000000000000000e+03
3.082000000000000000e+03
3.086000000000000000e+03
3.090000000000000000e+03
3.074000000000000000e+03
3.078000000000000000e+03
3.075000000000000000e+03
3.021000000000000000e+03
3.039000000000000000e+03
3.081000000000000000e+03
3.082000000000000000e+03
3.074000000000000000e+03
3.069000000000000000e+03
3.074000000000000000e+03
3.064000000000000000e+03
3.075000000000000000e+03
3.083000000000000000e+03
3.081000000000000000e+03
3.078000000000000000e+03
3.082000000000000000e+03
3.073000000000000000e+03
3.081000000000000000e+03
3.085000000000000000e+03
3.094000000000000000e+03
3.091000000000000000e+03
3.085000000000000000e+03
3.075000000000000000e+03
3.067000000000000000e+03
3.085000000000000000e+03
3.087000000000000000e+03
3.080000000000000000e+03
3.083000000000000000e+03
3.071000000000000000e+03
3.076000000000000000e+03
3.086000000000000000e+03
3.084000000000000000e+03
3.093000000000000000e+03
3.086000000000000000e+03
3.079000000000000000e+03
3.090000000000000000e+03
3.090000000000000000e+03
3.089000000000000000e+03
3.085000000000000000e+03
3.085000000000000000e+03
3.080000000000000000e+03
3.077000000000000000e+03
3.093000000000000000e+03
3.074000000000000000e+03
3.085000000000000000e+03
3.088000000000000000e+03
3.084000000000000000e+03
3.081000000000000000e+03
3.074000000000000000e+03
3.082000000000000000e+03
3.074000000000000000e+03
3.075000000000000000e+03
3.066000000000000000e+03
3.059000000000000000e+03
3.062000000000000000e+03
3.072000000000000000e+03
3.072000000000000000e+03
3.059000000000000000e+03
3.058000000000000000e+03
3.036000000000000000e+03
3.055000000000000000e+03
3.037000000000000000e+03
3.014000000000000000e+03
2.979000000000000000e+03
2.929000000000000000e+03
2.850000000000000000e+03
2.734000000000000000e+03
2.635000000000000000e+03
2.628000000000000000e+03
2.717000000000000000e+03
2.797000000000000000e+03
2.864000000000000000e+03
2.919000000000000000e+03
2.956000000000000000e+03
2.989000000000000000e+03
3.004000000000000000e+03
3.036000000000000000e+03
3.046000000000000000e+03
3.052000000000000000e+03
3.049000000000000000e+03
3.056000000000000000e+03
3.053000000000000000e+03
3.055000000000000000e+03
3.058000000000000000e+03
3.074000000000000000e+03
3.072000000000000000e+03
3.080000000000000000e+03
3.077000000000000000e+03
3.076000000000000000e+03
3.078000000000000000e+03
3.070000000000000000e+03
3.079000000000000000e+03
3.065000000000000000e+03
3.085000000000000000e+03
3.069000000000000000e+03
3.081000000000000000e+03
3.072000000000000000e+03
3.068000000000000000e+03
3.082000000000000000e+03
3.074000000000000000e+03
3.083000000000000000e+03
3.093000000000000000e+03
3.087000000000000000e+03
3.083000000000000000e+03
3.083000000000000000e+03
3.089000000000000000e+03
3.075000000000000000e+03
3.081000000000000000e+03
3.086000000000000000e+03
3.081000000000000000e+03
3.091000000000000000e+03
3.082000000000000000e+03
3.096000000000000000e+03
3.089000000000000000e+03
3.087000000000000000e+03
3.091000000000000000e+03
3.088000000000000000e+03
3.084000000000000000e+03
3.089000000000000000e+03
3.091000000000000000e+03
3.091000000000000000e+03
3.089000000000000000e+03
3.081000000000000000e+03
3.075000000000000000e+03
3.088000000000000000e+03
3.086000000000000000e+03
3.079000000000000000e+03
3.069000000000000000e+03
3.080000000000000000e+03
3.073000000000000000e+03
3.044000000000000000e+03
2.878000000000000000e+03
2.718000000000000000e+03
2.919000000000000000e+03
3.025000000000000000e+03
3.062000000000000000e+03
3.061000000000000000e+03
3.075000000000000000e+03
3.062000000000000000e+03
3.075000000000000000e+03
3.074000000000000000e+03
3.079000000000000000e+03
3.098000000000000000e+03
3.087000000000000000e+03
3.084000000000000000e+03
3.078000000000000000e+03
3.082000000000000000e+03
3.076000000000000000e+03
3.095000000000000000e+03
3.095000000000000000e+03
3.085000000000000000e+03
3.091000000000000000e+03
3.082000000000000000e+03
3.081000000000000000e+03
3.087000000000000000e+03
3.096000000000000000e+03
3.095000000000000000e+03
3.105000000000000000e+03
3.100000000000000000e+03
3.095000000000000000e+03
3.089000000000000000e+03
3.090000000000000000e+03
3.099000000000000000e+03
3.103000000000000000e+03
3.101000000000000000e+03
3.099000000000000000e+03
3.090000000000000000e+03
3.103000000000000000e+03
3.093000000000000000e+03
3.100000000000000000e+03
3.090000000000000000e+03
3.082000000000000000e+03
3.102000000000000000e+03
3.091000000000000000e+03
3.098000000000000000e+03
3.082000000000000000e+03
3.103000000000000000e+03
3.090000000000000000e+03
3.092000000000000000e+03
3.091000000000000000e+03
3.097000000000000000e+03
3.100000000000000000e+03
3.086000000000000000e+03
3.094000000000000000e+03
3.079000000000000000e+03
3.081000000000000000e+03
3.094000000000000000e+03
3.102000000000000000e+03
3.083000000000000000e+03
3.083000000000000000e+03
3.081000000000000000e+03
3.087000000000000000e+03
3.085000000000000000e+03
3.089000000000000000e+03
3.088000000000000000e+03
3.088000000000000000e+03
3.101000000000000000e+03
3.088000000000000000e+03
3.091000000000000000e+03
3.098000000000000000e+03
3.091000000000000000e+03
3.086000000000000000e+03
3.088000000000000000e+03
3.087000000000000000e+03
3.093000000000000000e+03
3.092000000000000000e+03
3.088000000000000000e+03
3.097000000000000000e+03
3.089000000000000000e+03
3.098000000000000000e+03
3.095000000000000000e+03
3.088000000000000000e+03
3.090000000000000000e+03
3.094000000000000000e+03
3.084000000000000000e+03
3.081000000000000000e+03
3.086000000000000000e+03
3.102000000000000000e+03
3.094000000000000000e+03
nan
nan
nan
nan
nan
nan
nan
nan
nan
nan
nan
nan
nan
nan
nan
nan
nan
nan
nan
nan
nan
nan
nan
nan
nan
nan
nan
nan
nan
nan
nan
nan
nan
nan
nan
nan
nan
nan
nan
nan
nan
nan
nan
nan
nan
nan
nan
nan
nan
nan
nan
nan
nan
nan
nan
nan
nan
nan
nan
nan
nan
nan
nan
nan
nan
nan
nan
nan
nan
nan
nan
nan
nan
nan
nan
nan
nan
nan
nan
nan
nan
nan
nan
nan
nan
nan
nan
nan
nan
nan
nan
nan
nan
nan
nan
nan
nan
nan
nan
nan
nan
nan
nan
nan
nan
nan
nan
