2.699000000000000000e+03
3.038000000000000000e+03
3.043000000000000000e+03
3.056000000000000000e+03
3.067000000000000000e+03
3.069000000000000000e+03
3.058000000000000000e+03
3.058000000000000000e+03
3.038000000000000000e+03
3.042000000000000000e+03
3.000000000000000000e+03
2.926000000000000000e+03
2.543000000000000000e+03
2.382000000000000000e+03
2.757000000000000000e+03
2.952000000000000000e+03
3.003000000000000000e+03
3.026000000000000000e+03
3.044000000000000000e+03
3.043000000000000000e+03
3.047000000000000000e+03
3.024000000000000000e+03
2.623000000000000000e+03
2.657000000000000000e+03
2.854000000000000000e+03
2.933000000000000000e+03
2.946000000000000000e+03
2.971000000000000000e+03
2.944000000000000000e+03
2.908000000000000000e+03
2.813000000000000000e+03
2.568000000000000000e+03
2.124000000000000000e+03
2.373000000000000000e+03
2.715000000000000000e+03
2.876000000000000000e+03
2.941000000000000000e+03
2.998000000000000000e+03
3.030000000000000000e+03
3.033000000000000000e+03
3.040000000000000000e+03
3.051000000000000000e+03
3.067000000000000000e+03
3.075000000000000000e+03
3.077000000000000000e+03
3.072000000000000000e+03
3.081000000000000000e+03
3.077000000000000000e+03
3.065000000000000000e+03
3.073000000000000000e+03
3.087000000000000000e+03
3.090000000000000000e+03
3.081000000000000000e+03
3.075000000000000000e+03
3.083000000000000000e+03
3.079000000000000000e+03
3.087000000000000000e+03
3.086000000000000000e+03
3.095000000000000000e+03
3.083000000000000000e+03
3.076000000000000000e+03
3.086000000000000000e+03
3.079000000000000000e+03
3.087000000000000000e+03
3.089000000000000000e+03
3.089000000000000000e+03
3.081000000000000000e+03
3.096000000000000000e+03
3.103000000000000000e+03
3.092000000000000000e+03
3.084000000000000000e+03
3.111000000000000000e+03
3.097000000000000000e+03
3.097000000000000000e+03
