0.000000000000000000e+00 -4.000000000000000000e+00
2.606800000000000000e+04 1.346000000000000000e+03
2.303500000000000000e+04 1.461000000000000000e+03
2.215600000000000000e+04 2.744000000000000000e+03
2.169300000000000000e+04 4.087000000000000000e+03
2.040700000000000000e+04 4.744000000000000000e+03
1.939100000000000000e+04 5.516000000000000000e+03
1.888400000000000000e+04 5.662000000000000000e+03
1.847300000000000000e+04 nan
nan nan
nan nan
nan nan
nan nan
nan nan
nan nan
nan nan
nan nan
nan nan
nan nan
