1.769000000000000000e+04 6.047000000000000000e+03
1.708100000000000000e+04 8.524000000000000000e+03
1.631500000000000000e+04 9.011000000000000000e+03
1.630900000000000000e+04 1.106700000000000000e+04
1.515400000000000000e+04 1.080600000000000000e+04
1.507800000000000000e+04 1.208800000000000000e+04
1.545100000000000000e+04 1.243500000000000000e+04
1.465600000000000000e+04 1.245000000000000000e+04
1.432400000000000000e+04 1.313600000000000000e+04
1.510700000000000000e+04 1.242500000000000000e+04
1.459700000000000000e+04 1.299600000000000000e+04
1.453000000000000000e+04 1.407700000000000000e+04
1.491300000000000000e+04 1.336600000000000000e+04
1.532600000000000000e+04 1.454500000000000000e+04
