2.901400000000000000e+04 7.090000000000000000e+02
1.602000000000000000e+04 1.547800000000000000e+04
2.836000000000000000e+03 2.787400000000000000e+04
1.367200000000000000e+04 1.653300000000000000e+04
2.525300000000000000e+04 3.365000000000000000e+03
1.673900000000000000e+04 1.345400000000000000e+04
2.604000000000000000e+03 2.858700000000000000e+04
1.221300000000000000e+04 1.886000000000000000e+04
2.596000000000000000e+04 4.185000000000000000e+03
2.019700000000000000e+04 1.149400000000000000e+04
4.088000000000000000e+03 2.683700000000000000e+04
1.003800000000000000e+04 2.179200000000000000e+04
2.412400000000000000e+04 6.082000000000000000e+03
2.178900000000000000e+04 8.740000000000000000e+03
5.140000000000000000e+03 2.406000000000000000e+04
8.031000000000000000e+03 2.291800000000000000e+04
2.220000000000000000e+04 7.532000000000000000e+03
2.420000000000000000e+04 6.824000000000000000e+03
9.228000000000000000e+03 2.215300000000000000e+04
7.543000000000000000e+03 2.335900000000000000e+04
1.952100000000000000e+04 1.005500000000000000e+04
2.309300000000000000e+04 7.386000000000000000e+03
1.125800000000000000e+04 2.021100000000000000e+04
6.195000000000000000e+03 2.483300000000000000e+04
1.742600000000000000e+04 1.228100000000000000e+04
2.288600000000000000e+04 6.769000000000000000e+03
1.357100000000000000e+04 1.719200000000000000e+04
5.793000000000000000e+03 2.389800000000000000e+04
1.640300000000000000e+04 1.604500000000000000e+04
2.356200000000000000e+04 7.411000000000000000e+03
1.769000000000000000e+04 1.539800000000000000e+04
7.005000000000000000e+03 2.409800000000000000e+04
1.256100000000000000e+04 1.779600000000000000e+04
2.144600000000000000e+04 7.943000000000000000e+03
nan nan
nan nan
nan nan
nan nan
nan nan
