2.931100000000000000e+04
2.193000000000000000e+03
2.858200000000000000e+04
1.854000000000000000e+03
2.882100000000000000e+04
3.511000000000000000e+03
2.666400000000000000e+04
3.455000000000000000e+03
2.617400000000000000e+04
4.649000000000000000e+03
2.494800000000000000e+04
5.765000000000000000e+03
2.409300000000000000e+04
6.890000000000000000e+03
2.325200000000000000e+04
8.014000000000000000e+03
2.164900000000000000e+04
9.915000000000000000e+03
2.103400000000000000e+04
1.028500000000000000e+04
1.976900000000000000e+04
1.225300000000000000e+04
1.875500000000000000e+04
1.242900000000000000e+04
1.847700000000000000e+04
1.253100000000000000e+04
1.733900000000000000e+04
1.377000000000000000e+04
1.643400000000000000e+04
1.430700000000000000e+04
1.622400000000000000e+04
1.468200000000000000e+04
1.716600000000000000e+04
1.490100000000000000e+04
1.465400000000000000e+04
nan
nan
nan
nan
