1.981900000000000000e+04 3.939000000000000000e+03
2.238300000000000000e+04 6.015000000000000000e+03
2.128300000000000000e+04 7.873000000000000000e+03
2.092800000000000000e+04 7.244000000000000000e+03
1.967700000000000000e+04 7.624000000000000000e+03
1.982100000000000000e+04 8.925000000000000000e+03
1.919100000000000000e+04 8.842000000000000000e+03
1.912100000000000000e+04 1.036000000000000000e+04
1.902400000000000000e+04 1.083200000000000000e+04
1.842300000000000000e+04 1.060600000000000000e+04
1.851600000000000000e+04 1.120000000000000000e+04
1.757800000000000000e+04 1.207100000000000000e+04
1.780700000000000000e+04 1.189400000000000000e+04
1.762500000000000000e+04 1.232900000000000000e+04
1.716800000000000000e+04 1.304200000000000000e+04
1.696400000000000000e+04 1.286900000000000000e+04
1.544500000000000000e+04 1.333700000000000000e+04
1.648000000000000000e+04 1.334800000000000000e+04
1.666100000000000000e+04 1.331000000000000000e+04
1.710500000000000000e+04 1.390200000000000000e+04
1.688700000000000000e+04 1.314500000000000000e+04
1.635000000000000000e+04 1.364800000000000000e+04
1.573000000000000000e+04 1.406600000000000000e+04
1.851000000000000000e+04 1.338200000000000000e+04
1.644900000000000000e+04 1.353800000000000000e+04
1.639500000000000000e+04 nan
nan nan
nan nan
nan nan
nan nan
nan nan
nan nan
nan nan
nan nan
nan nan
nan nan
nan nan
nan nan
nan nan
