2.378000000000000000e+04 1.810000000000000000e+02
2.190800000000000000e+04 1.258000000000000000e+03
2.134700000000000000e+04 1.976000000000000000e+03
2.035500000000000000e+04 3.411000000000000000e+03
1.863000000000000000e+04 3.706000000000000000e+03
1.733900000000000000e+04 4.962000000000000000e+03
1.770800000000000000e+04 5.893000000000000000e+03
1.834800000000000000e+04 6.983000000000000000e+03
1.768700000000000000e+04 8.119000000000000000e+03
1.744500000000000000e+04 7.170000000000000000e+03
1.581500000000000000e+04 8.304000000000000000e+03
1.491100000000000000e+04 7.567000000000000000e+03
1.431100000000000000e+04 8.306000000000000000e+03
1.426400000000000000e+04 8.978000000000000000e+03
1.434600000000000000e+04 9.217000000000000000e+03
1.459500000000000000e+04 9.621000000000000000e+03
1.427400000000000000e+04 8.080000000000000000e+03
1.426100000000000000e+04 9.482000000000000000e+03
1.252200000000000000e+04 9.653000000000000000e+03
