2.470500000000000000e+04 8.170000000000000000e+02
2.384400000000000000e+04 1.920000000000000000e+03
2.322600000000000000e+04 2.459000000000000000e+03
2.059300000000000000e+04 3.429000000000000000e+03
2.117500000000000000e+04 4.405000000000000000e+03
1.894400000000000000e+04 5.429000000000000000e+03
1.859100000000000000e+04 5.742000000000000000e+03
1.840700000000000000e+04 7.008000000000000000e+03
1.693000000000000000e+04 7.820000000000000000e+03
1.701800000000000000e+04 7.792000000000000000e+03
1.723200000000000000e+04 8.518000000000000000e+03
1.674300000000000000e+04 8.697000000000000000e+03
1.625300000000000000e+04 9.574000000000000000e+03
1.573400000000000000e+04 1.037100000000000000e+04
1.516500000000000000e+04 9.374000000000000000e+03
1.570700000000000000e+04 9.740000000000000000e+03
1.522700000000000000e+04 9.932000000000000000e+03
1.517300000000000000e+04 1.089400000000000000e+04
1.538300000000000000e+04 1.050300000000000000e+04
