2.761000000000000000e+03
2.970000000000000000e+03
2.995000000000000000e+03
3.021000000000000000e+03
3.001000000000000000e+03
3.033000000000000000e+03
3.037000000000000000e+03
3.027000000000000000e+03
3.044000000000000000e+03
3.036000000000000000e+03
3.032000000000000000e+03
3.033000000000000000e+03
3.033000000000000000e+03
3.025000000000000000e+03
3.035000000000000000e+03
3.036000000000000000e+03
3.049000000000000000e+03
3.023000000000000000e+03
3.024000000000000000e+03
3.034000000000000000e+03
3.028000000000000000e+03
3.016000000000000000e+03
3.024000000000000000e+03
3.025000000000000000e+03
2.993000000000000000e+03
2.994000000000000000e+03
2.982000000000000000e+03
2.960000000000000000e+03
2.890000000000000000e+03
2.787000000000000000e+03
2.562000000000000000e+03
2.282000000000000000e+03
2.300000000000000000e+03
2.517000000000000000e+03
2.740000000000000000e+03
2.849000000000000000e+03
2.917000000000000000e+03
2.957000000000000000e+03
2.964000000000000000e+03
2.993000000000000000e+03
3.009000000000000000e+03
3.015000000000000000e+03
3.016000000000000000e+03
3.011000000000000000e+03
3.016000000000000000e+03
3.022000000000000000e+03
3.026000000000000000e+03
3.024000000000000000e+03
3.025000000000000000e+03
3.027000000000000000e+03
3.021000000000000000e+03
3.008000000000000000e+03
3.017000000000000000e+03
2.987000000000000000e+03
2.909000000000000000e+03
2.664000000000000000e+03
2.293000000000000000e+03
2.545000000000000000e+03
2.747000000000000000e+03
2.817000000000000000e+03
2.874000000000000000e+03
2.917000000000000000e+03
2.933000000000000000e+03
2.947000000000000000e+03
2.965000000000000000e+03
2.975000000000000000e+03
2.957000000000000000e+03
2.960000000000000000e+03
2.969000000000000000e+03
2.933000000000000000e+03
2.941000000000000000e+03
2.936000000000000000e+03
2.907000000000000000e+03
2.906000000000000000e+03
2.886000000000000000e+03
2.849000000000000000e+03
2.784000000000000000e+03
2.676000000000000000e+03
2.508000000000000000e+03
2.285000000000000000e+03
2.102000000000000000e+03
2.132000000000000000e+03
2.360000000000000000e+03
2.553000000000000000e+03
2.708000000000000000e+03
2.805000000000000000e+03
2.860000000000000000e+03
2.914000000000000000e+03
2.950000000000000000e+03
2.973000000000000000e+03
2.982000000000000000e+03
2.996000000000000000e+03
3.013000000000000000e+03
3.015000000000000000e+03
3.014000000000000000e+03
3.022000000000000000e+03
3.027000000000000000e+03
3.018000000000000000e+03
3.023000000000000000e+03
3.038000000000000000e+03
3.042000000000000000e+03
3.039000000000000000e+03
3.026000000000000000e+03
3.041000000000000000e+03
3.042000000000000000e+03
3.049000000000000000e+03
3.033000000000000000e+03
3.030000000000000000e+03
3.042000000000000000e+03
3.053000000000000000e+03
3.041000000000000000e+03
3.046000000000000000e+03
3.038000000000000000e+03
3.043000000000000000e+03
3.045000000000000000e+03
3.047000000000000000e+03
3.063000000000000000e+03
3.040000000000000000e+03
3.045000000000000000e+03
3.058000000000000000e+03
3.059000000000000000e+03
3.050000000000000000e+03
3.045000000000000000e+03
3.048000000000000000e+03
3.059000000000000000e+03
3.038000000000000000e+03
nan
nan
nan
nan
nan
nan
nan
nan
nan
nan
nan
nan
nan
nan
nan
nan
nan
nan
nan
nan
nan
nan
nan
nan
nan
nan
nan
nan
nan
nan
nan
nan
nan
nan
nan
nan
nan
nan
nan
nan
nan
nan
nan
nan
nan
nan
nan
nan
nan
nan
nan
nan
nan
nan
nan
nan
nan
nan
nan
