1.289000000000000000e+03 6.200000000000000000e+02
2.410000000000000000e+02 -2.500000000000000000e+01
3.170000000000000000e+02 3.020000000000000000e+02
9.900000000000000000e+01 4.030000000000000000e+02
3.660000000000000000e+02 1.080000000000000000e+02
5.200000000000000000e+01 1.770000000000000000e+02
-3.100000000000000000e+01 -5.760000000000000000e+02
3.910000000000000000e+02 -1.123000000000000000e+03
-1.699000000000000000e+03 2.410000000000000000e+02
-4.040000000000000000e+02 8.210000000000000000e+02
5.260000000000000000e+02 5.980000000000000000e+02
-1.025000000000000000e+03 4.750000000000000000e+02
1.610000000000000000e+02 3.810000000000000000e+02
4.480000000000000000e+02 3.350000000000000000e+02
4.320000000000000000e+02 4.880000000000000000e+02
1.000000000000000000e+02 4.650000000000000000e+02
7.580000000000000000e+02 -2.300000000000000000e+02
-7.700000000000000000e+01 1.503000000000000000e+03
7.610000000000000000e+02 4.110000000000000000e+02
