2.864000000000000000e+03 6.820000000000000000e+02
4.240000000000000000e+02 -2.650000000000000000e+02
-2.910000000000000000e+02 9.860000000000000000e+02
-1.950000000000000000e+02 -1.140000000000000000e+02
3.260000000000000000e+02 9.450000000000000000e+02
-7.100000000000000000e+01 3.050000000000000000e+02
2.800000000000000000e+01 -9.270000000000000000e+02
1.857000000000000000e+03 3.740000000000000000e+02
1.647000000000000000e+03 3.500000000000000000e+02
-3.290000000000000000e+02 -4.090000000000000000e+02
5.510000000000000000e+02 5.360000000000000000e+02
-2.520000000000000000e+02 1.236000000000000000e+03
-5.970000000000000000e+02 1.200000000000000000e+01
-7.100000000000000000e+02 -1.749000000000000000e+03
1.810000000000000000e+03 2.490000000000000000e+02
7.380000000000000000e+02 -4.320000000000000000e+02
3.150000000000000000e+02 -9.700000000000000000e+01
3.000000000000000000e+00 -5.020000000000000000e+02
3.100000000000000000e+02 1.710000000000000000e+02
