3.084000000000000000e+03
3.059000000000000000e+03
3.084000000000000000e+03
3.079000000000000000e+03
3.076000000000000000e+03
3.076000000000000000e+03
3.084000000000000000e+03
3.075000000000000000e+03
3.078000000000000000e+03
3.084000000000000000e+03
3.082000000000000000e+03
3.081000000000000000e+03
3.087000000000000000e+03
3.082000000000000000e+03
3.081000000000000000e+03
3.074000000000000000e+03
3.087000000000000000e+03
3.084000000000000000e+03
3.082000000000000000e+03
3.089000000000000000e+03
3.084000000000000000e+03
3.087000000000000000e+03
3.077000000000000000e+03
3.085000000000000000e+03
3.089000000000000000e+03
3.083000000000000000e+03
3.078000000000000000e+03
3.082000000000000000e+03
3.077000000000000000e+03
3.082000000000000000e+03
3.086000000000000000e+03
3.086000000000000000e+03
3.086000000000000000e+03
3.081000000000000000e+03
3.090000000000000000e+03
3.085000000000000000e+03
3.093000000000000000e+03
3.086000000000000000e+03
3.089000000000000000e+03
3.093000000000000000e+03
3.094000000000000000e+03
3.088000000000000000e+03
3.094000000000000000e+03
3.087000000000000000e+03
3.090000000000000000e+03
3.090000000000000000e+03
3.085000000000000000e+03
3.086000000000000000e+03
3.069000000000000000e+03
3.079000000000000000e+03
3.081000000000000000e+03
3.083000000000000000e+03
3.078000000000000000e+03
3.089000000000000000e+03
3.089000000000000000e+03
3.082000000000000000e+03
3.082000000000000000e+03
3.082000000000000000e+03
3.074000000000000000e+03
3.078000000000000000e+03
3.079000000000000000e+03
3.075000000000000000e+03
3.086000000000000000e+03
3.076000000000000000e+03
3.083000000000000000e+03
3.078000000000000000e+03
3.079000000000000000e+03
3.078000000000000000e+03
3.080000000000000000e+03
3.082000000000000000e+03
3.078000000000000000e+03
3.072000000000000000e+03
3.074000000000000000e+03
3.075000000000000000e+03
3.069000000000000000e+03
3.079000000000000000e+03
3.065000000000000000e+03
3.077000000000000000e+03
3.092000000000000000e+03
3.093000000000000000e+03
3.083000000000000000e+03
3.090000000000000000e+03
3.091000000000000000e+03
3.089000000000000000e+03
3.074000000000000000e+03
3.077000000000000000e+03
3.078000000000000000e+03
3.081000000000000000e+03
3.080000000000000000e+03
3.075000000000000000e+03
3.082000000000000000e+03
3.072000000000000000e+03
3.075000000000000000e+03
3.078000000000000000e+03
3.074000000000000000e+03
3.062000000000000000e+03
3.058000000000000000e+03
3.011000000000000000e+03
3.034000000000000000e+03
3.062000000000000000e+03
3.065000000000000000e+03
3.067000000000000000e+03
3.051000000000000000e+03
3.056000000000000000e+03
3.039000000000000000e+03
3.033000000000000000e+03
3.015000000000000000e+03
2.990000000000000000e+03
2.946000000000000000e+03
2.853000000000000000e+03
2.738000000000000000e+03
2.635000000000000000e+03
2.656000000000000000e+03
2.728000000000000000e+03
2.807000000000000000e+03
2.874000000000000000e+03
2.928000000000000000e+03
2.966000000000000000e+03
3.003000000000000000e+03
2.998000000000000000e+03
3.017000000000000000e+03
3.030000000000000000e+03
3.031000000000000000e+03
3.037000000000000000e+03
3.027000000000000000e+03
2.991000000000000000e+03
2.762000000000000000e+03
2.941000000000000000e+03
3.012000000000000000e+03
3.035000000000000000e+03
3.045000000000000000e+03
3.056000000000000000e+03
3.054000000000000000e+03
3.063000000000000000e+03
3.066000000000000000e+03
3.073000000000000000e+03
3.078000000000000000e+03
3.067000000000000000e+03
3.074000000000000000e+03
3.064000000000000000e+03
3.070000000000000000e+03
3.063000000000000000e+03
3.077000000000000000e+03
3.068000000000000000e+03
3.074000000000000000e+03
3.065000000000000000e+03
3.074000000000000000e+03
3.072000000000000000e+03
3.078000000000000000e+03
3.075000000000000000e+03
3.085000000000000000e+03
3.082000000000000000e+03
3.080000000000000000e+03
3.094000000000000000e+03
3.083000000000000000e+03
3.086000000000000000e+03
3.083000000000000000e+03
3.082000000000000000e+03
3.077000000000000000e+03
3.081000000000000000e+03
3.079000000000000000e+03
3.083000000000000000e+03
3.092000000000000000e+03
3.085000000000000000e+03
3.079000000000000000e+03
3.078000000000000000e+03
3.089000000000000000e+03
3.093000000000000000e+03
3.088000000000000000e+03
3.085000000000000000e+03
3.091000000000000000e+03
3.086000000000000000e+03
3.084000000000000000e+03
3.092000000000000000e+03
3.089000000000000000e+03
3.090000000000000000e+03
3.087000000000000000e+03
3.079000000000000000e+03
3.075000000000000000e+03
3.103000000000000000e+03
3.082000000000000000e+03
3.098000000000000000e+03
3.096000000000000000e+03
3.092000000000000000e+03
3.089000000000000000e+03
3.085000000000000000e+03
3.085000000000000000e+03
3.102000000000000000e+03
3.091000000000000000e+03
3.093000000000000000e+03
3.095000000000000000e+03
3.091000000000000000e+03
3.100000000000000000e+03
3.089000000000000000e+03
3.100000000000000000e+03
3.095000000000000000e+03
3.097000000000000000e+03
3.092000000000000000e+03
3.090000000000000000e+03
3.089000000000000000e+03
3.092000000000000000e+03
3.095000000000000000e+03
3.087000000000000000e+03
3.082000000000000000e+03
3.080000000000000000e+03
3.091000000000000000e+03
3.082000000000000000e+03
3.094000000000000000e+03
3.081000000000000000e+03
3.085000000000000000e+03
3.081000000000000000e+03
3.084000000000000000e+03
3.086000000000000000e+03
3.092000000000000000e+03
3.091000000000000000e+03
3.086000000000000000e+03
3.081000000000000000e+03
3.087000000000000000e+03
3.083000000000000000e+03
3.084000000000000000e+03
3.084000000000000000e+03
3.084000000000000000e+03
3.090000000000000000e+03
3.078000000000000000e+03
3.090000000000000000e+03
3.086000000000000000e+03
3.091000000000000000e+03
3.092000000000000000e+03
3.097000000000000000e+03
3.095000000000000000e+03
3.089000000000000000e+03
3.082000000000000000e+03
3.082000000000000000e+03
3.087000000000000000e+03
3.076000000000000000e+03
3.098000000000000000e+03
3.075000000000000000e+03
3.081000000000000000e+03
3.073000000000000000e+03
3.093000000000000000e+03
3.088000000000000000e+03
3.091000000000000000e+03
3.093000000000000000e+03
3.094000000000000000e+03
3.093000000000000000e+03
3.096000000000000000e+03
3.096000000000000000e+03
3.095000000000000000e+03
3.098000000000000000e+03
3.086000000000000000e+03
3.089000000000000000e+03
3.085000000000000000e+03
3.088000000000000000e+03
3.079000000000000000e+03
3.081000000000000000e+03
3.081000000000000000e+03
3.089000000000000000e+03
3.079000000000000000e+03
3.076000000000000000e+03
3.079000000000000000e+03
3.079000000000000000e+03
3.079000000000000000e+03
3.070000000000000000e+03
3.077000000000000000e+03
3.068000000000000000e+03
3.078000000000000000e+03
3.076000000000000000e+03
3.083000000000000000e+03
3.077000000000000000e+03
3.081000000000000000e+03
3.083000000000000000e+03
3.084000000000000000e+03
3.090000000000000000e+03
3.078000000000000000e+03
3.088000000000000000e+03
3.066000000000000000e+03
3.094000000000000000e+03
3.086000000000000000e+03
3.090000000000000000e+03
3.081000000000000000e+03
3.079000000000000000e+03
3.084000000000000000e+03
3.092000000000000000e+03
3.078000000000000000e+03
3.102000000000000000e+03
3.084000000000000000e+03
3.100000000000000000e+03
3.081000000000000000e+03
3.098000000000000000e+03
3.095000000000000000e+03
3.082000000000000000e+03
3.102000000000000000e+03
3.088000000000000000e+03
3.102000000000000000e+03
3.087000000000000000e+03
3.096000000000000000e+03
3.097000000000000000e+03
3.099000000000000000e+03
3.086000000000000000e+03
3.108000000000000000e+03
3.098000000000000000e+03
3.107000000000000000e+03
3.104000000000000000e+03
3.100000000000000000e+03
3.097000000000000000e+03
3.095000000000000000e+03
3.096000000000000000e+03
3.091000000000000000e+03
3.102000000000000000e+03
3.098000000000000000e+03
3.098000000000000000e+03
3.081000000000000000e+03
3.106000000000000000e+03
3.103000000000000000e+03
3.104000000000000000e+03
3.096000000000000000e+03
3.103000000000000000e+03
3.093000000000000000e+03
3.095000000000000000e+03
3.096000000000000000e+03
3.084000000000000000e+03
3.094000000000000000e+03
3.094000000000000000e+03
3.097000000000000000e+03
3.095000000000000000e+03
3.099000000000000000e+03
3.094000000000000000e+03
3.098000000000000000e+03
3.089000000000000000e+03
3.091000000000000000e+03
3.094000000000000000e+03
3.094000000000000000e+03
3.091000000000000000e+03
3.091000000000000000e+03
3.105000000000000000e+03
3.077000000000000000e+03
3.106000000000000000e+03
3.098000000000000000e+03
3.085000000000000000e+03
3.098000000000000000e+03
3.092000000000000000e+03
3.085000000000000000e+03
3.092000000000000000e+03
3.094000000000000000e+03
3.093000000000000000e+03
3.097000000000000000e+03
3.094000000000000000e+03
3.102000000000000000e+03
3.098000000000000000e+03
3.090000000000000000e+03
3.098000000000000000e+03
3.092000000000000000e+03
3.098000000000000000e+03
3.091000000000000000e+03
3.089000000000000000e+03
3.092000000000000000e+03
3.084000000000000000e+03
3.087000000000000000e+03
3.079000000000000000e+03
3.089000000000000000e+03
3.079000000000000000e+03
3.089000000000000000e+03
3.089000000000000000e+03
3.093000000000000000e+03
3.087000000000000000e+03
3.097000000000000000e+03
3.095000000000000000e+03
3.102000000000000000e+03
3.095000000000000000e+03
3.090000000000000000e+03
