3.268000000000000000e+03 3.446533171753340412e+03
3.276000000000000000e+03 3.446532108688176322e+03
3.280000000000000000e+03 3.446530394587876344e+03
3.289000000000000000e+03 3.446532125959616224e+03
3.293000000000000000e+03 3.446529221992823750e+03
3.295000000000000000e+03 3.446527765390987042e+03
3.302000000000000000e+03 3.446525933344807072e+03
3.312000000000000000e+03 3.446523775364579706e+03
3.316000000000000000e+03 3.446521912616611189e+03
3.318000000000000000e+03 3.446519763941898873e+03
3.326000000000000000e+03 3.446518209190785001e+03
3.334000000000000000e+03 3.446515851380446293e+03
3.339000000000000000e+03 3.446514081108852224e+03
3.340000000000000000e+03 3.446511882994496773e+03
3.349000000000000000e+03 3.446511002365953118e+03
3.346000000000000000e+03 3.446507892038173850e+03
3.339000000000000000e+03 3.446506207281355728e+03
3.333000000000000000e+03 3.446504088057518857e+03
3.347000000000000000e+03 3.446502434740835724e+03
3.361000000000000000e+03 3.446500186321773981e+03
3.368000000000000000e+03 3.446498148780795418e+03
3.379000000000000000e+03 3.446496364507818271e+03
3.388000000000000000e+03 3.446494392786595654e+03
3.389000000000000000e+03 3.446492269476839283e+03
3.397000000000000000e+03 3.446490107694253766e+03
3.399000000000000000e+03 3.446487960269629639e+03
3.403000000000000000e+03 3.446486176493132461e+03
3.403000000000000000e+03 3.446483973560779759e+03
3.410000000000000000e+03 3.446481871566504651e+03
3.409000000000000000e+03 3.446479860613700112e+03
3.415000000000000000e+03 3.446477350124755503e+03
3.413000000000000000e+03 3.446475747124444297e+03
3.414000000000000000e+03 3.446474215217913297e+03
3.414000000000000000e+03 3.446472135638776763e+03
3.417000000000000000e+03 3.446470052517999648e+03
3.419000000000000000e+03 3.446467983403155813e+03
3.428000000000000000e+03 3.446466053174855460e+03
3.438000000000000000e+03 3.446464112581682457e+03
3.447000000000000000e+03 3.446462198940595044e+03
3.455000000000000000e+03 3.446460243408763290e+03
3.450000000000000000e+03 3.446458112845418782e+03
3.459000000000000000e+03 3.446456559924501107e+03
3.463000000000000000e+03 3.446454277319068296e+03
3.467000000000000000e+03 3.446453250412711441e+03
3.472000000000000000e+03 3.446450321572238408e+03
3.476000000000000000e+03 3.446448168159215129e+03
3.484000000000000000e+03 3.446446598847296173e+03
3.490000000000000000e+03 3.446444736579505843e+03
3.496000000000000000e+03 3.446443104670619960e+03
3.499000000000000000e+03 3.446440871630472429e+03
3.509000000000000000e+03 3.446438613457124120e+03
3.507000000000000000e+03 3.446436605209757090e+03
3.508000000000000000e+03 3.446434740018849880e+03
3.520000000000000000e+03 3.446432458838134608e+03
3.521000000000000000e+03 3.446430392275574377e+03
3.520000000000000000e+03 3.446428365075420515e+03
3.518000000000000000e+03 3.446426392629261500e+03
3.513000000000000000e+03 3.446424293828446025e+03
3.502000000000000000e+03 3.446422566036841090e+03
3.483000000000000000e+03 3.446420691029224599e+03
3.458000000000000000e+03 3.446418667701051163e+03
3.419000000000000000e+03 3.446417346187697149e+03
3.407000000000000000e+03 3.446415387909537003e+03
3.423000000000000000e+03 3.446413599129202794e+03
3.471000000000000000e+03 3.446411496312407053e+03
3.517000000000000000e+03 3.446408490694569991e+03
3.555000000000000000e+03 3.446406834772568345e+03
3.590000000000000000e+03 3.446404742147852176e+03
3.611000000000000000e+03 3.446403206604127263e+03
3.631000000000000000e+03 3.446401534798402736e+03
3.648000000000000000e+03 3.446398839699070777e+03
3.661000000000000000e+03 3.446396978567190672e+03
3.680000000000000000e+03 3.446394906784829800e+03
3.694000000000000000e+03 3.446392715632021009e+03
3.709000000000000000e+03 3.446390737020209144e+03
3.720000000000000000e+03 3.446388964476074761e+03
3.730000000000000000e+03 3.446386655702081498e+03
3.744000000000000000e+03 3.446384707295625503e+03
3.750000000000000000e+03 3.446382820612735031e+03
3.762000000000000000e+03 3.446381258158446599e+03
3.772000000000000000e+03 3.446378957934632581e+03
3.783000000000000000e+03 3.446376481353313011e+03
3.794000000000000000e+03 3.446374851515749015e+03
3.810000000000000000e+03 3.446372511476572072e+03
3.814000000000000000e+03 3.446370944421883451e+03
3.824000000000000000e+03 3.446369006861458729e+03
3.832000000000000000e+03 3.446367428659564212e+03
3.843000000000000000e+03 3.446365398340485172e+03
3.851000000000000000e+03 3.446363362259663063e+03
3.853000000000000000e+03 3.446361526072214929e+03
3.858000000000000000e+03 3.446359390115622318e+03
3.849000000000000000e+03 3.446357095034368740e+03
3.836000000000000000e+03 3.446354979572444790e+03
3.810000000000000000e+03 3.446353140694930971e+03
3.825000000000000000e+03 3.446352145231486702e+03
3.864000000000000000e+03 3.446350147954011391e+03
3.890000000000000000e+03 3.446346854824945694e+03
3.910000000000000000e+03 3.446345255309860931e+03
3.923000000000000000e+03 3.446343495664635157e+03
3.929000000000000000e+03 3.446341181612134278e+03
3.937000000000000000e+03 3.446339100577782119e+03
3.945000000000000000e+03 3.446337641341106973e+03
3.950000000000000000e+03 3.446335679066563443e+03
3.956000000000000000e+03 3.446333483475425510e+03
3.959000000000000000e+03 3.446331715233028262e+03
3.962000000000000000e+03 3.446329483277012969e+03
3.966000000000000000e+03 3.446327277915593186e+03
3.972000000000000000e+03 3.446325357066661581e+03
3.981000000000000000e+03 3.446323326302544501e+03
3.981000000000000000e+03 3.446321169252279105e+03
3.988000000000000000e+03 3.446318571915302982e+03
3.989000000000000000e+03 3.446316672196019226e+03
3.994000000000000000e+03 3.446314532641144524e+03
3.996000000000000000e+03 3.446313082526058224e+03
4.001000000000000000e+03 3.446310781709441471e+03
4.007000000000000000e+03 3.446308741837404796e+03
4.010000000000000000e+03 3.446307083741711267e+03
4.014000000000000000e+03 3.446305057639567622e+03
4.015000000000000000e+03 3.446302713539612341e+03
4.018000000000000000e+03 3.446301099008723213e+03
4.020000000000000000e+03 3.446299022000906916e+03
4.024000000000000000e+03 3.446297476493431532e+03
4.030000000000000000e+03 3.446295388586544505e+03
4.035000000000000000e+03 3.446292907404761081e+03
4.038000000000000000e+03 3.446291383496871731e+03
4.046000000000000000e+03 3.446289185570863992e+03
4.050000000000000000e+03 3.446286892185592023e+03
4.057000000000000000e+03 3.446285040855977968e+03
4.059000000000000000e+03 3.446282753888491243e+03
4.064000000000000000e+03 3.446280738732757527e+03
4.069000000000000000e+03 3.446278604265074591e+03
4.070000000000000000e+03 3.446276762981338834e+03
4.076000000000000000e+03 3.446274572702643582e+03
4.082000000000000000e+03 3.446272414937524900e+03
4.087000000000000000e+03 3.446270255468561118e+03
4.097000000000000000e+03 3.446269339601419688e+03
4.102000000000000000e+03 3.446267479281875239e+03
4.107000000000000000e+03 3.446264392714969290e+03
4.113000000000000000e+03 3.446262623657211861e+03
4.118000000000000000e+03 3.446260422387842937e+03
4.128000000000000000e+03 3.446258620518181033e+03
4.134000000000000000e+03 3.446256426113319321e+03
4.140000000000000000e+03 3.446254763998949784e+03
4.149000000000000000e+03 3.446252578436097792e+03
4.155000000000000000e+03 3.446250176421311608e+03
4.161000000000000000e+03 3.446248166375538858e+03
4.167000000000000000e+03 3.446246136283521992e+03
4.174000000000000000e+03 3.446243825692131395e+03
4.183000000000000000e+03 3.446241853036715383e+03
4.187000000000000000e+03 3.446239763437071360e+03
4.191000000000000000e+03 3.446238024533841326e+03
4.197000000000000000e+03 3.446235718613897916e+03
4.204000000000000000e+03 3.446234823522733222e+03
4.213000000000000000e+03 3.446231821426927581e+03
4.219000000000000000e+03 3.446229987302114750e+03
4.225000000000000000e+03 3.446228218242341882e+03
4.229000000000000000e+03 3.446225957436413864e+03
4.234000000000000000e+03 3.446224091836744719e+03
4.246000000000000000e+03 3.446222117038351826e+03
4.247000000000000000e+03 3.446220365141143702e+03
4.249000000000000000e+03 3.446217962155513305e+03
4.253000000000000000e+03 3.446215884491836277e+03
4.259000000000000000e+03 3.446213364239138627e+03
4.259000000000000000e+03 3.446211608712395901e+03
4.266000000000000000e+03 3.446209467395348383e+03
4.269000000000000000e+03 3.446208491836634948e+03
4.270000000000000000e+03 3.446205736833202536e+03
4.273000000000000000e+03 3.446203235882884655e+03
4.275000000000000000e+03 3.446201544156108412e+03
4.274000000000000000e+03 3.446199838727160568e+03
4.277000000000000000e+03 3.446198002706934858e+03
4.278000000000000000e+03 3.446195766285952232e+03
4.278000000000000000e+03 3.446193385234308153e+03
4.279000000000000000e+03 3.446191358482118176e+03
4.279000000000000000e+03 3.446189625411862380e+03
4.282000000000000000e+03 3.446187117148200286e+03
4.280000000000000000e+03 3.446185295936288185e+03
4.277000000000000000e+03 3.446183141142025761e+03
4.277000000000000000e+03 3.446181339586829381e+03
4.275000000000000000e+03 3.446178918669272662e+03
4.272000000000000000e+03 3.446177194090348621e+03
4.273000000000000000e+03 3.446175470856457650e+03
4.269000000000000000e+03 3.446173721489560648e+03
4.273000000000000000e+03 3.446171412806768330e+03
4.270000000000000000e+03 3.446169347427004141e+03
4.267000000000000000e+03 3.446167277917308184e+03
4.266000000000000000e+03 3.446165088117184496e+03
4.266000000000000000e+03 3.446163272344136658e+03
4.262000000000000000e+03 3.446160815480778183e+03
4.260000000000000000e+03 3.446159158877052050e+03
4.257000000000000000e+03 3.446157063907900010e+03
4.254000000000000000e+03 3.446154581378249077e+03
4.254000000000000000e+03 3.446152644357022382e+03
4.253000000000000000e+03 3.446151831047888663e+03
4.247000000000000000e+03 3.446150049607897017e+03
4.245000000000000000e+03 3.446146653995131146e+03
4.245000000000000000e+03 3.446145005389784728e+03
4.243000000000000000e+03 3.446142940938744687e+03
4.242000000000000000e+03 3.446141218382921579e+03
4.244000000000000000e+03 3.446138861218319562e+03
