2.214000000000000000e+03
1.479000000000000000e+03
1.190000000000000000e+03
2.843000000000000000e+03
4.893000000000000000e+03
5.467000000000000000e+03
7.513000000000000000e+03
9.170000000000000000e+03
9.569000000000000000e+03
1.158900000000000000e+04
1.161300000000000000e+04
1.169500000000000000e+04
1.242900000000000000e+04
1.368300000000000000e+04
1.402700000000000000e+04
1.477400000000000000e+04
1.458200000000000000e+04
1.531300000000000000e+04
1.424700000000000000e+04
1.470200000000000000e+04
1.497500000000000000e+04
1.481800000000000000e+04
1.310400000000000000e+04
1.481800000000000000e+04
1.385200000000000000e+04
1.530900000000000000e+04
1.539100000000000000e+04
1.530300000000000000e+04
1.593600000000000000e+04
1.615700000000000000e+04
1.628900000000000000e+04
1.643200000000000000e+04
1.655300000000000000e+04
1.591400000000000000e+04
1.660200000000000000e+04
1.600700000000000000e+04
1.646400000000000000e+04
1.641600000000000000e+04
1.619400000000000000e+04
