2.902000000000000000e+03
3.004000000000000000e+03
3.033000000000000000e+03
3.040000000000000000e+03
3.037000000000000000e+03
3.038000000000000000e+03
3.042000000000000000e+03
3.055000000000000000e+03
3.050000000000000000e+03
3.048000000000000000e+03
3.060000000000000000e+03
3.058000000000000000e+03
3.059000000000000000e+03
3.047000000000000000e+03
3.056000000000000000e+03
3.043000000000000000e+03
3.067000000000000000e+03
3.049000000000000000e+03
3.054000000000000000e+03
3.043000000000000000e+03
3.056000000000000000e+03
3.058000000000000000e+03
3.048000000000000000e+03
3.047000000000000000e+03
3.058000000000000000e+03
3.036000000000000000e+03
3.059000000000000000e+03
3.039000000000000000e+03
3.056000000000000000e+03
3.040000000000000000e+03
3.007000000000000000e+03
2.659000000000000000e+03
2.645000000000000000e+03
2.947000000000000000e+03
3.011000000000000000e+03
3.033000000000000000e+03
3.044000000000000000e+03
3.055000000000000000e+03
3.055000000000000000e+03
3.054000000000000000e+03
3.043000000000000000e+03
3.052000000000000000e+03
3.050000000000000000e+03
3.051000000000000000e+03
3.042000000000000000e+03
3.040000000000000000e+03
3.049000000000000000e+03
3.038000000000000000e+03
3.037000000000000000e+03
3.050000000000000000e+03
3.042000000000000000e+03
3.049000000000000000e+03
3.066000000000000000e+03
3.043000000000000000e+03
3.045000000000000000e+03
3.016000000000000000e+03
2.742000000000000000e+03
2.909000000000000000e+03
3.005000000000000000e+03
3.026000000000000000e+03
3.029000000000000000e+03
3.040000000000000000e+03
3.044000000000000000e+03
3.038000000000000000e+03
3.046000000000000000e+03
3.042000000000000000e+03
3.052000000000000000e+03
3.038000000000000000e+03
3.042000000000000000e+03
3.043000000000000000e+03
3.035000000000000000e+03
3.036000000000000000e+03
3.038000000000000000e+03
3.027000000000000000e+03
3.034000000000000000e+03
3.034000000000000000e+03
3.021000000000000000e+03
3.024000000000000000e+03
2.996000000000000000e+03
2.883000000000000000e+03
2.455000000000000000e+03
2.516000000000000000e+03
2.856000000000000000e+03
2.954000000000000000e+03
2.988000000000000000e+03
3.014000000000000000e+03
3.024000000000000000e+03
3.026000000000000000e+03
3.021000000000000000e+03
3.033000000000000000e+03
3.035000000000000000e+03
3.041000000000000000e+03
3.033000000000000000e+03
3.032000000000000000e+03
3.043000000000000000e+03
3.035000000000000000e+03
3.035000000000000000e+03
3.029000000000000000e+03
3.045000000000000000e+03
3.032000000000000000e+03
3.040000000000000000e+03
3.055000000000000000e+03
3.024000000000000000e+03
3.044000000000000000e+03
3.051000000000000000e+03
3.044000000000000000e+03
3.056000000000000000e+03
3.029000000000000000e+03
3.037000000000000000e+03
3.049000000000000000e+03
3.045000000000000000e+03
3.034000000000000000e+03
3.038000000000000000e+03
3.045000000000000000e+03
3.051000000000000000e+03
3.035000000000000000e+03
3.034000000000000000e+03
3.034000000000000000e+03
3.041000000000000000e+03
3.044000000000000000e+03
3.041000000000000000e+03
3.035000000000000000e+03
3.035000000000000000e+03
3.040000000000000000e+03
3.039000000000000000e+03
3.045000000000000000e+03
3.029000000000000000e+03
3.037000000000000000e+03
3.045000000000000000e+03
3.053000000000000000e+03
3.041000000000000000e+03
3.037000000000000000e+03
3.046000000000000000e+03
3.036000000000000000e+03
3.045000000000000000e+03
3.031000000000000000e+03
3.046000000000000000e+03
3.055000000000000000e+03
3.041000000000000000e+03
3.050000000000000000e+03
3.050000000000000000e+03
3.047000000000000000e+03
3.050000000000000000e+03
3.050000000000000000e+03
3.038000000000000000e+03
3.039000000000000000e+03
3.051000000000000000e+03
3.049000000000000000e+03
3.046000000000000000e+03
3.049000000000000000e+03
3.049000000000000000e+03
3.043000000000000000e+03
3.041000000000000000e+03
3.053000000000000000e+03
3.027000000000000000e+03
3.034000000000000000e+03
3.030000000000000000e+03
3.030000000000000000e+03
3.035000000000000000e+03
3.037000000000000000e+03
3.048000000000000000e+03
3.053000000000000000e+03
3.036000000000000000e+03
3.043000000000000000e+03
3.040000000000000000e+03
3.040000000000000000e+03
3.035000000000000000e+03
3.040000000000000000e+03
3.046000000000000000e+03
3.042000000000000000e+03
3.044000000000000000e+03
3.039000000000000000e+03
3.046000000000000000e+03
3.054000000000000000e+03
3.053000000000000000e+03
3.062000000000000000e+03
3.043000000000000000e+03
3.043000000000000000e+03
3.041000000000000000e+03
3.043000000000000000e+03
3.037000000000000000e+03
3.049000000000000000e+03
3.030000000000000000e+03
3.047000000000000000e+03
3.042000000000000000e+03
