2.823000000000000000e+03
2.998000000000000000e+03
3.035000000000000000e+03
3.046000000000000000e+03
3.028000000000000000e+03
3.044000000000000000e+03
3.040000000000000000e+03
3.042000000000000000e+03
3.053000000000000000e+03
3.045000000000000000e+03
3.054000000000000000e+03
3.048000000000000000e+03
3.047000000000000000e+03
3.056000000000000000e+03
3.062000000000000000e+03
3.045000000000000000e+03
3.046000000000000000e+03
3.049000000000000000e+03
3.021000000000000000e+03
3.035000000000000000e+03
3.046000000000000000e+03
3.019000000000000000e+03
3.017000000000000000e+03
3.029000000000000000e+03
3.011000000000000000e+03
2.981000000000000000e+03
2.953000000000000000e+03
2.929000000000000000e+03
2.844000000000000000e+03
2.724000000000000000e+03
2.499000000000000000e+03
2.266000000000000000e+03
2.282000000000000000e+03
2.480000000000000000e+03
2.681000000000000000e+03
2.798000000000000000e+03
2.893000000000000000e+03
2.940000000000000000e+03
2.964000000000000000e+03
3.000000000000000000e+03
2.992000000000000000e+03
3.012000000000000000e+03
3.005000000000000000e+03
3.023000000000000000e+03
3.046000000000000000e+03
3.038000000000000000e+03
3.023000000000000000e+03
3.041000000000000000e+03
3.035000000000000000e+03
3.030000000000000000e+03
3.033000000000000000e+03
3.021000000000000000e+03
3.016000000000000000e+03
2.962000000000000000e+03
2.874000000000000000e+03
2.619000000000000000e+03
2.275000000000000000e+03
2.517000000000000000e+03
2.702000000000000000e+03
2.782000000000000000e+03
2.845000000000000000e+03
2.892000000000000000e+03
2.925000000000000000e+03
2.916000000000000000e+03
2.916000000000000000e+03
2.938000000000000000e+03
2.924000000000000000e+03
2.957000000000000000e+03
2.917000000000000000e+03
2.921000000000000000e+03
2.926000000000000000e+03
2.891000000000000000e+03
2.895000000000000000e+03
2.854000000000000000e+03
2.822000000000000000e+03
2.769000000000000000e+03
2.709000000000000000e+03
2.588000000000000000e+03
2.436000000000000000e+03
2.230000000000000000e+03
2.089000000000000000e+03
2.113000000000000000e+03
2.298000000000000000e+03
2.489000000000000000e+03
2.634000000000000000e+03
2.740000000000000000e+03
2.828000000000000000e+03
2.875000000000000000e+03
2.916000000000000000e+03
2.949000000000000000e+03
2.955000000000000000e+03
2.969000000000000000e+03
2.987000000000000000e+03
2.991000000000000000e+03
3.008000000000000000e+03
2.993000000000000000e+03
3.008000000000000000e+03
3.010000000000000000e+03
3.022000000000000000e+03
3.024000000000000000e+03
3.024000000000000000e+03
3.026000000000000000e+03
3.030000000000000000e+03
3.047000000000000000e+03
3.049000000000000000e+03
3.049000000000000000e+03
3.041000000000000000e+03
3.037000000000000000e+03
3.041000000000000000e+03
3.046000000000000000e+03
3.057000000000000000e+03
3.035000000000000000e+03
3.059000000000000000e+03
3.053000000000000000e+03
3.040000000000000000e+03
3.049000000000000000e+03
3.052000000000000000e+03
3.064000000000000000e+03
3.049000000000000000e+03
3.043000000000000000e+03
3.054000000000000000e+03
3.064000000000000000e+03
3.063000000000000000e+03
3.058000000000000000e+03
3.062000000000000000e+03
3.058000000000000000e+03
3.073000000000000000e+03
3.064000000000000000e+03
3.054000000000000000e+03
3.060000000000000000e+03
3.058000000000000000e+03
3.044000000000000000e+03
3.056000000000000000e+03
3.074000000000000000e+03
3.058000000000000000e+03
3.069000000000000000e+03
3.062000000000000000e+03
3.065000000000000000e+03
3.039000000000000000e+03
3.072000000000000000e+03
3.073000000000000000e+03
3.072000000000000000e+03
3.054000000000000000e+03
3.040000000000000000e+03
3.053000000000000000e+03
3.051000000000000000e+03
3.060000000000000000e+03
3.062000000000000000e+03
3.049000000000000000e+03
3.066000000000000000e+03
3.065000000000000000e+03
3.082000000000000000e+03
3.047000000000000000e+03
3.059000000000000000e+03
3.067000000000000000e+03
3.056000000000000000e+03
3.058000000000000000e+03
3.062000000000000000e+03
3.069000000000000000e+03
3.047000000000000000e+03
3.068000000000000000e+03
3.058000000000000000e+03
3.058000000000000000e+03
3.074000000000000000e+03
3.062000000000000000e+03
3.059000000000000000e+03
3.061000000000000000e+03
3.079000000000000000e+03
3.053000000000000000e+03
3.055000000000000000e+03
3.047000000000000000e+03
3.064000000000000000e+03
3.076000000000000000e+03
3.058000000000000000e+03
3.047000000000000000e+03
3.067000000000000000e+03
3.080000000000000000e+03
3.058000000000000000e+03
3.060000000000000000e+03
3.058000000000000000e+03
3.061000000000000000e+03
3.060000000000000000e+03
3.066000000000000000e+03
3.065000000000000000e+03
3.058000000000000000e+03
