1.746000000000000000e+04 6.779000000000000000e+03
1.604900000000000000e+04 8.615000000000000000e+03
1.572600000000000000e+04 1.052100000000000000e+04
1.570300000000000000e+04 1.100600000000000000e+04
1.521400000000000000e+04 1.178600000000000000e+04
1.572800000000000000e+04 1.247300000000000000e+04
1.511600000000000000e+04 1.329400000000000000e+04
1.479900000000000000e+04 1.210100000000000000e+04
1.513900000000000000e+04 1.215600000000000000e+04
1.544400000000000000e+04 1.296800000000000000e+04
1.462600000000000000e+04 1.282400000000000000e+04
1.394500000000000000e+04 1.366100000000000000e+04
1.436800000000000000e+04 1.371600000000000000e+04
1.464400000000000000e+04 1.337200000000000000e+04
