1.484200000000000000e+04 1.423100000000000000e+04
1.401100000000000000e+04 1.660500000000000000e+04
1.566700000000000000e+04 1.351400000000000000e+04
1.288400000000000000e+04 1.816900000000000000e+04
1.923700000000000000e+04 9.637000000000000000e+03
9.924000000000000000e+03 2.091000000000000000e+04
2.051500000000000000e+04 9.721000000000000000e+03
8.157000000000000000e+03 2.348500000000000000e+04
2.173900000000000000e+04 8.629000000000000000e+03
7.928000000000000000e+03 2.237300000000000000e+04
2.160400000000000000e+04 8.076000000000000000e+03
6.774000000000000000e+03 2.384400000000000000e+04
2.244700000000000000e+04 7.631000000000000000e+03
7.049000000000000000e+03 2.373700000000000000e+04
2.259100000000000000e+04 7.735000000000000000e+03
7.513000000000000000e+03 2.330500000000000000e+04
2.110800000000000000e+04 8.856000000000000000e+03
9.162000000000000000e+03 2.148000000000000000e+04
1.959100000000000000e+04 1.023000000000000000e+04
