1.832800000000000000e+04 6.056000000000000000e+03
1.669600000000000000e+04 8.539000000000000000e+03
1.549900000000000000e+04 9.863000000000000000e+03
1.635000000000000000e+04 1.085600000000000000e+04
1.533300000000000000e+04 1.158100000000000000e+04
1.511900000000000000e+04 1.134800000000000000e+04
1.493500000000000000e+04 1.239400000000000000e+04
1.450700000000000000e+04 1.163700000000000000e+04
1.444400000000000000e+04 1.239000000000000000e+04
1.422700000000000000e+04 1.233800000000000000e+04
1.367900000000000000e+04 1.359400000000000000e+04
1.448600000000000000e+04 1.323000000000000000e+04
1.481900000000000000e+04 1.516700000000000000e+04
1.436400000000000000e+04 1.326200000000000000e+04
