1.707700000000000000e+04 7.376000000000000000e+03
1.829900000000000000e+04 8.752000000000000000e+03
1.801100000000000000e+04 1.084400000000000000e+04
1.659200000000000000e+04 1.205900000000000000e+04
1.623100000000000000e+04 1.178500000000000000e+04
1.628100000000000000e+04 1.305200000000000000e+04
1.683500000000000000e+04 1.304600000000000000e+04
1.722000000000000000e+04 1.309000000000000000e+04
1.596400000000000000e+04 1.418400000000000000e+04
1.633600000000000000e+04 1.354700000000000000e+04
1.547000000000000000e+04 1.404100000000000000e+04
1.584300000000000000e+04 1.410500000000000000e+04
1.588500000000000000e+04 1.491400000000000000e+04
1.519100000000000000e+04 1.474900000000000000e+04
