2.835800000000000000e+04 1.608000000000000000e+03
2.791100000000000000e+04 3.521000000000000000e+03
2.855200000000000000e+04 1.961000000000000000e+03
2.788300000000000000e+04 2.925000000000000000e+03
2.820300000000000000e+04 2.762000000000000000e+03
2.797400000000000000e+04 2.491000000000000000e+03
2.795400000000000000e+04 3.676000000000000000e+03
2.722400000000000000e+04 2.590000000000000000e+03
2.752300000000000000e+04 3.979000000000000000e+03
2.726000000000000000e+04 3.492000000000000000e+03
2.710800000000000000e+04 4.082000000000000000e+03
2.630600000000000000e+04 4.177000000000000000e+03
2.713800000000000000e+04 4.990000000000000000e+03
2.653400000000000000e+04 4.480000000000000000e+03
2.555200000000000000e+04 5.869000000000000000e+03
2.526600000000000000e+04 5.091000000000000000e+03
2.525400000000000000e+04 4.538000000000000000e+03
2.505900000000000000e+04 5.451000000000000000e+03
2.437800000000000000e+04 6.701000000000000000e+03
2.506000000000000000e+04 6.624000000000000000e+03
2.376800000000000000e+04 6.253000000000000000e+03
2.412700000000000000e+04 6.450000000000000000e+03
2.340900000000000000e+04 6.635000000000000000e+03
2.359700000000000000e+04 7.019000000000000000e+03
2.398100000000000000e+04 7.168000000000000000e+03
2.330400000000000000e+04 7.279000000000000000e+03
2.330500000000000000e+04 7.410000000000000000e+03
2.316000000000000000e+04 7.367000000000000000e+03
2.377500000000000000e+04 7.289000000000000000e+03
2.370800000000000000e+04 7.651000000000000000e+03
2.292100000000000000e+04 8.068000000000000000e+03
2.287100000000000000e+04 7.803000000000000000e+03
2.363300000000000000e+04 7.245000000000000000e+03
2.336000000000000000e+04 7.593000000000000000e+03
2.294600000000000000e+04 1.203800000000000000e+04
2.235700000000000000e+04 8.615000000000000000e+03
nan nan
nan nan
nan nan
