1.908400000000000000e+04 7.752000000000000000e+03
1.861800000000000000e+04 9.166000000000000000e+03
1.753300000000000000e+04 1.111700000000000000e+04
1.635300000000000000e+04 1.161700000000000000e+04
1.592800000000000000e+04 1.320400000000000000e+04
1.643200000000000000e+04 1.247100000000000000e+04
1.616500000000000000e+04 1.264700000000000000e+04
1.629100000000000000e+04 1.333600000000000000e+04
1.611400000000000000e+04 1.332300000000000000e+04
1.584900000000000000e+04 1.400000000000000000e+04
1.612800000000000000e+04 1.516500000000000000e+04
1.616700000000000000e+04 1.383600000000000000e+04
1.652700000000000000e+04 1.422400000000000000e+04
1.642700000000000000e+04 1.447000000000000000e+04
