2.473800000000000000e+04 5.310000000000000000e+02
2.348600000000000000e+04 1.629000000000000000e+03
2.273900000000000000e+04 2.251000000000000000e+03
2.081600000000000000e+04 2.920000000000000000e+03
1.932200000000000000e+04 4.326000000000000000e+03
1.871800000000000000e+04 5.225000000000000000e+03
1.762500000000000000e+04 5.533000000000000000e+03
1.732800000000000000e+04 6.749000000000000000e+03
1.703400000000000000e+04 7.371000000000000000e+03
1.665500000000000000e+04 7.231000000000000000e+03
1.637000000000000000e+04 8.495000000000000000e+03
1.622600000000000000e+04 8.050000000000000000e+03
1.587000000000000000e+04 8.692000000000000000e+03
1.501500000000000000e+04 8.878000000000000000e+03
1.448400000000000000e+04 8.541000000000000000e+03
1.439400000000000000e+04 9.163000000000000000e+03
1.383400000000000000e+04 8.857000000000000000e+03
1.412200000000000000e+04 1.043600000000000000e+04
1.448800000000000000e+04 9.940000000000000000e+03
