1.073000000000000000e+03 8.990000000000000000e+02
3.890000000000000000e+02 2.500000000000000000e+01
5.120000000000000000e+02 9.500000000000000000e+01
1.550000000000000000e+02 -1.450000000000000000e+02
1.170000000000000000e+02 5.990000000000000000e+02
-1.100000000000000000e+02 -4.100000000000000000e+02
2.260000000000000000e+02 7.360000000000000000e+02
2.580000000000000000e+02 -4.110000000000000000e+02
4.700000000000000000e+01 -1.130000000000000000e+02
5.410000000000000000e+02 -9.400000000000000000e+01
-2.250000000000000000e+02 3.390000000000000000e+02
nan nan
nan nan
nan nan
nan nan
nan nan
nan nan
nan nan
nan nan
