1.798200000000000000e+04 7.053000000000000000e+03
1.738600000000000000e+04 9.479000000000000000e+03
1.605300000000000000e+04 9.506000000000000000e+03
1.533100000000000000e+04 1.127900000000000000e+04
1.673000000000000000e+04 1.115900000000000000e+04
1.509000000000000000e+04 1.252400000000000000e+04
1.477000000000000000e+04 1.281000000000000000e+04
1.516700000000000000e+04 1.265500000000000000e+04
1.558000000000000000e+04 1.284100000000000000e+04
1.479500000000000000e+04 1.295200000000000000e+04
1.472800000000000000e+04 1.375100000000000000e+04
1.396300000000000000e+04 1.251000000000000000e+04
1.522500000000000000e+04 1.371600000000000000e+04
1.504400000000000000e+04 1.340700000000000000e+04
