1.587000000000000000e+03 2.964200000000000000e+04
3.432000000000000000e+03 2.833500000000000000e+04
2.363000000000000000e+03 2.840600000000000000e+04
2.583000000000000000e+03 2.806900000000000000e+04
2.257000000000000000e+03 2.808000000000000000e+04
3.692000000000000000e+03 2.834000000000000000e+04
3.006000000000000000e+03 2.818900000000000000e+04
3.839000000000000000e+03 2.809500000000000000e+04
3.174000000000000000e+03 2.769000000000000000e+04
3.067000000000000000e+03 2.803400000000000000e+04
2.753000000000000000e+03 2.698600000000000000e+04
3.028000000000000000e+03 2.702300000000000000e+04
3.912000000000000000e+03 2.785600000000000000e+04
3.571000000000000000e+03 2.788400000000000000e+04
3.568000000000000000e+03 2.711200000000000000e+04
4.206000000000000000e+03 2.703600000000000000e+04
3.686000000000000000e+03 2.698100000000000000e+04
3.547000000000000000e+03 2.701200000000000000e+04
3.485000000000000000e+03 2.799500000000000000e+04
4.548000000000000000e+03 2.745200000000000000e+04
4.189000000000000000e+03 2.702200000000000000e+04
4.220000000000000000e+03 2.735100000000000000e+04
4.773000000000000000e+03 2.674300000000000000e+04
4.232000000000000000e+03 2.682700000000000000e+04
4.769000000000000000e+03 2.616600000000000000e+04
4.024000000000000000e+03 2.632900000000000000e+04
4.122000000000000000e+03 2.625200000000000000e+04
4.008000000000000000e+03 2.583200000000000000e+04
4.623000000000000000e+03 2.620000000000000000e+04
4.732000000000000000e+03 2.711000000000000000e+04
1.903000000000000000e+03 2.487800000000000000e+04
4.379000000000000000e+03 2.724000000000000000e+04
6.359000000000000000e+03 2.642800000000000000e+04
6.028000000000000000e+03 2.645700000000000000e+04
4.859000000000000000e+03 2.661400000000000000e+04
4.881000000000000000e+03 2.461000000000000000e+04
5.475000000000000000e+03 2.519900000000000000e+04
5.166000000000000000e+03 2.511500000000000000e+04
6.177000000000000000e+03 2.523500000000000000e+04
3.808000000000000000e+03 2.554400000000000000e+04
7.128000000000000000e+03 2.622000000000000000e+04
6.537000000000000000e+03 2.450100000000000000e+04
5.699000000000000000e+03 2.441000000000000000e+04
7.018000000000000000e+03 2.512200000000000000e+04
6.529000000000000000e+03 2.501400000000000000e+04
8.115000000000000000e+03 2.442300000000000000e+04
6.772000000000000000e+03 2.474900000000000000e+04
6.279000000000000000e+03 2.484900000000000000e+04
6.584000000000000000e+03 2.456600000000000000e+04
7.352000000000000000e+03 2.571400000000000000e+04
7.702000000000000000e+03 2.546000000000000000e+04
7.282000000000000000e+03 2.322900000000000000e+04
8.000000000000000000e+03 2.350400000000000000e+04
7.409000000000000000e+03 2.437400000000000000e+04
7.295000000000000000e+03 2.439100000000000000e+04
8.076000000000000000e+03 2.200300000000000000e+04
7.973000000000000000e+03 2.300700000000000000e+04
8.123000000000000000e+03 2.369700000000000000e+04
7.818000000000000000e+03 2.360100000000000000e+04
7.744000000000000000e+03 2.488300000000000000e+04
7.933000000000000000e+03 2.338300000000000000e+04
8.362000000000000000e+03 2.360700000000000000e+04
8.281000000000000000e+03 2.341500000000000000e+04
8.203000000000000000e+03 2.297400000000000000e+04
8.015000000000000000e+03 2.282700000000000000e+04
8.111000000000000000e+03 2.290900000000000000e+04
7.966000000000000000e+03 2.204600000000000000e+04
9.684000000000000000e+03 2.210600000000000000e+04
8.452000000000000000e+03 2.289700000000000000e+04
1.003800000000000000e+04 2.254500000000000000e+04
1.033900000000000000e+04 2.250200000000000000e+04
8.945000000000000000e+03 2.286000000000000000e+04
9.084000000000000000e+03 2.263700000000000000e+04
8.017000000000000000e+03 2.306700000000000000e+04
9.113000000000000000e+03 2.206400000000000000e+04
9.313000000000000000e+03 2.216300000000000000e+04
9.136000000000000000e+03 2.173700000000000000e+04
9.113000000000000000e+03 2.223800000000000000e+04
9.906000000000000000e+03 2.110700000000000000e+04
1.008800000000000000e+04 2.197700000000000000e+04
9.094000000000000000e+03 2.295300000000000000e+04
9.883000000000000000e+03 2.143900000000000000e+04
8.884000000000000000e+03 2.061300000000000000e+04
9.769000000000000000e+03 2.091000000000000000e+04
1.032600000000000000e+04 2.106200000000000000e+04
1.000500000000000000e+04 2.176900000000000000e+04
9.302000000000000000e+03 2.130100000000000000e+04
9.648000000000000000e+03 2.036200000000000000e+04
9.792000000000000000e+03 2.152900000000000000e+04
1.051300000000000000e+04 2.206600000000000000e+04
1.149400000000000000e+04 2.121700000000000000e+04
1.049000000000000000e+04 2.145700000000000000e+04
1.108000000000000000e+04 2.102900000000000000e+04
1.017300000000000000e+04 2.123100000000000000e+04
1.067800000000000000e+04 2.054100000000000000e+04
1.121600000000000000e+04 2.154300000000000000e+04
1.113200000000000000e+04 2.114500000000000000e+04
1.248700000000000000e+04 1.901700000000000000e+04
1.061000000000000000e+04 2.126000000000000000e+04
1.152100000000000000e+04 2.101200000000000000e+04
9.949000000000000000e+03 1.995800000000000000e+04
1.068700000000000000e+04 2.100400000000000000e+04
9.970000000000000000e+03 2.087000000000000000e+04
1.114600000000000000e+04 2.040600000000000000e+04
1.023700000000000000e+04 2.000100000000000000e+04
1.076900000000000000e+04 2.070300000000000000e+04
1.054700000000000000e+04 2.176000000000000000e+04
1.091300000000000000e+04 1.937000000000000000e+04
1.116500000000000000e+04 1.990500000000000000e+04
1.217500000000000000e+04 2.074800000000000000e+04
1.062700000000000000e+04 2.006100000000000000e+04
1.252300000000000000e+04 2.149400000000000000e+04
1.073200000000000000e+04 1.966100000000000000e+04
1.271500000000000000e+04 2.069900000000000000e+04
1.114000000000000000e+04 2.058700000000000000e+04
1.171700000000000000e+04 2.102400000000000000e+04
1.184400000000000000e+04 1.980000000000000000e+04
1.074900000000000000e+04 2.090200000000000000e+04
1.245400000000000000e+04 2.127200000000000000e+04
1.142000000000000000e+04 1.870200000000000000e+04
1.193700000000000000e+04 1.934000000000000000e+04
1.058900000000000000e+04 1.978000000000000000e+04
1.215100000000000000e+04 2.056700000000000000e+04
1.199500000000000000e+04 1.931500000000000000e+04
1.152200000000000000e+04 2.109700000000000000e+04
1.258800000000000000e+04 1.766300000000000000e+04
nan nan
nan nan
nan nan
nan nan
nan nan
nan nan
nan nan
nan nan
nan nan
nan nan
nan nan
nan nan
nan nan
nan nan
nan nan
nan nan
nan nan
nan nan
nan nan
nan nan
nan nan
nan nan
nan nan
nan nan
nan nan
nan nan
nan nan
nan nan
nan nan
nan nan
nan nan
nan nan
nan nan
nan nan
nan nan
nan nan
nan nan
nan nan
nan nan
nan nan
nan nan
nan nan
nan nan
nan nan
nan nan
nan nan
nan nan
nan nan
nan nan
nan nan
nan nan
nan nan
nan nan
nan nan
nan nan
nan nan
nan nan
nan nan
nan nan
nan nan
nan nan
nan nan
nan nan
nan nan
nan nan
nan nan
nan nan
nan nan
nan nan
nan nan
nan nan
nan nan
nan nan
nan nan
