2.417000000000000000e+04 4.480000000000000000e+02
2.181800000000000000e+04 1.570000000000000000e+03
2.106700000000000000e+04 2.179000000000000000e+03
2.089900000000000000e+04 2.758000000000000000e+03
1.885100000000000000e+04 4.542000000000000000e+03
1.752100000000000000e+04 4.440000000000000000e+03
1.750400000000000000e+04 5.142000000000000000e+03
1.730600000000000000e+04 6.632000000000000000e+03
1.614400000000000000e+04 5.462000000000000000e+03
1.614200000000000000e+04 8.022000000000000000e+03
1.550700000000000000e+04 6.665000000000000000e+03
1.590000000000000000e+04 8.585000000000000000e+03
1.483600000000000000e+04 7.875000000000000000e+03
1.507900000000000000e+04 9.203000000000000000e+03
1.521500000000000000e+04 9.638000000000000000e+03
1.534900000000000000e+04 1.004000000000000000e+04
1.641200000000000000e+04 1.066600000000000000e+04
1.443400000000000000e+04 8.798000000000000000e+03
1.405200000000000000e+04 9.677000000000000000e+03
