1.941800000000000000e+04 5.960000000000000000e+03
1.748600000000000000e+04 8.452000000000000000e+03
1.651400000000000000e+04 1.022300000000000000e+04
1.583700000000000000e+04 1.115800000000000000e+04
1.563900000000000000e+04 1.148200000000000000e+04
1.473700000000000000e+04 1.138400000000000000e+04
1.498000000000000000e+04 1.304600000000000000e+04
1.531300000000000000e+04 1.366400000000000000e+04
1.514700000000000000e+04 1.290800000000000000e+04
1.472300000000000000e+04 1.289900000000000000e+04
1.510200000000000000e+04 1.356400000000000000e+04
1.529900000000000000e+04 1.409400000000000000e+04
1.479200000000000000e+04 1.391000000000000000e+04
1.491800000000000000e+04 1.326100000000000000e+04
