2.480700000000000000e+04 4.570000000000000000e+02
2.353700000000000000e+04 1.228000000000000000e+03
2.172200000000000000e+04 2.460000000000000000e+03
2.011100000000000000e+04 3.691000000000000000e+03
2.060300000000000000e+04 4.329000000000000000e+03
1.880800000000000000e+04 5.395000000000000000e+03
1.889500000000000000e+04 6.261000000000000000e+03
1.855500000000000000e+04 5.996000000000000000e+03
1.767900000000000000e+04 6.927000000000000000e+03
1.710500000000000000e+04 6.984000000000000000e+03
1.629600000000000000e+04 8.120000000000000000e+03
1.650400000000000000e+04 7.868000000000000000e+03
1.596500000000000000e+04 9.182000000000000000e+03
1.578200000000000000e+04 9.067000000000000000e+03
1.588300000000000000e+04 9.988000000000000000e+03
1.567800000000000000e+04 1.023300000000000000e+04
1.527400000000000000e+04 9.423000000000000000e+03
1.490000000000000000e+04 1.104800000000000000e+04
1.559600000000000000e+04 1.106000000000000000e+04
