2.730000000000000000e+03
3.006000000000000000e+03
3.036000000000000000e+03
3.059000000000000000e+03
3.042000000000000000e+03
3.062000000000000000e+03
3.064000000000000000e+03
3.057000000000000000e+03
3.075000000000000000e+03
3.059000000000000000e+03
3.047000000000000000e+03
3.062000000000000000e+03
3.063000000000000000e+03
3.057000000000000000e+03
3.059000000000000000e+03
3.064000000000000000e+03
3.054000000000000000e+03
3.047000000000000000e+03
3.041000000000000000e+03
3.062000000000000000e+03
3.047000000000000000e+03
3.042000000000000000e+03
3.035000000000000000e+03
3.023000000000000000e+03
3.019000000000000000e+03
2.996000000000000000e+03
2.970000000000000000e+03
2.945000000000000000e+03
2.861000000000000000e+03
2.736000000000000000e+03
2.510000000000000000e+03
2.282000000000000000e+03
2.284000000000000000e+03
2.494000000000000000e+03
2.704000000000000000e+03
2.836000000000000000e+03
2.911000000000000000e+03
2.949000000000000000e+03
2.998000000000000000e+03
3.010000000000000000e+03
3.020000000000000000e+03
3.030000000000000000e+03
3.022000000000000000e+03
3.030000000000000000e+03
3.042000000000000000e+03
3.046000000000000000e+03
3.047000000000000000e+03
3.059000000000000000e+03
3.045000000000000000e+03
3.048000000000000000e+03
3.047000000000000000e+03
3.032000000000000000e+03
3.035000000000000000e+03
2.989000000000000000e+03
2.894000000000000000e+03
2.619000000000000000e+03
2.275000000000000000e+03
2.536000000000000000e+03
2.711000000000000000e+03
2.812000000000000000e+03
2.876000000000000000e+03
2.903000000000000000e+03
2.938000000000000000e+03
2.947000000000000000e+03
2.950000000000000000e+03
2.951000000000000000e+03
2.949000000000000000e+03
2.950000000000000000e+03
2.948000000000000000e+03
2.947000000000000000e+03
2.938000000000000000e+03
2.918000000000000000e+03
2.896000000000000000e+03
2.888000000000000000e+03
2.845000000000000000e+03
2.786000000000000000e+03
2.710000000000000000e+03
2.611000000000000000e+03
2.455000000000000000e+03
2.244000000000000000e+03
2.096000000000000000e+03
2.132000000000000000e+03
2.324000000000000000e+03
2.521000000000000000e+03
2.658000000000000000e+03
2.779000000000000000e+03
2.843000000000000000e+03
2.902000000000000000e+03
2.927000000000000000e+03
2.953000000000000000e+03
2.973000000000000000e+03
2.981000000000000000e+03
2.998000000000000000e+03
3.018000000000000000e+03
3.014000000000000000e+03
3.013000000000000000e+03
3.018000000000000000e+03
3.026000000000000000e+03
3.029000000000000000e+03
3.037000000000000000e+03
3.053000000000000000e+03
3.053000000000000000e+03
3.056000000000000000e+03
3.066000000000000000e+03
3.056000000000000000e+03
3.059000000000000000e+03
3.059000000000000000e+03
3.056000000000000000e+03
3.062000000000000000e+03
3.064000000000000000e+03
3.077000000000000000e+03
3.075000000000000000e+03
3.086000000000000000e+03
3.064000000000000000e+03
3.051000000000000000e+03
3.059000000000000000e+03
3.053000000000000000e+03
3.068000000000000000e+03
3.062000000000000000e+03
3.048000000000000000e+03
3.072000000000000000e+03
3.065000000000000000e+03
3.066000000000000000e+03
3.077000000000000000e+03
3.070000000000000000e+03
3.055000000000000000e+03
3.062000000000000000e+03
3.079000000000000000e+03
3.073000000000000000e+03
3.081000000000000000e+03
3.075000000000000000e+03
3.057000000000000000e+03
3.074000000000000000e+03
3.070000000000000000e+03
3.059000000000000000e+03
3.073000000000000000e+03
3.067000000000000000e+03
3.068000000000000000e+03
3.065000000000000000e+03
3.079000000000000000e+03
3.078000000000000000e+03
3.074000000000000000e+03
3.082000000000000000e+03
3.076000000000000000e+03
3.062000000000000000e+03
3.067000000000000000e+03
3.077000000000000000e+03
3.074000000000000000e+03
3.075000000000000000e+03
3.065000000000000000e+03
3.084000000000000000e+03
3.078000000000000000e+03
3.083000000000000000e+03
3.077000000000000000e+03
3.080000000000000000e+03
3.069000000000000000e+03
3.072000000000000000e+03
3.065000000000000000e+03
3.065000000000000000e+03
3.057000000000000000e+03
3.074000000000000000e+03
3.066000000000000000e+03
3.083000000000000000e+03
3.074000000000000000e+03
3.078000000000000000e+03
3.077000000000000000e+03
3.067000000000000000e+03
3.063000000000000000e+03
3.076000000000000000e+03
3.084000000000000000e+03
3.076000000000000000e+03
3.075000000000000000e+03
3.080000000000000000e+03
3.069000000000000000e+03
3.069000000000000000e+03
3.078000000000000000e+03
3.058000000000000000e+03
3.057000000000000000e+03
3.079000000000000000e+03
3.075000000000000000e+03
3.074000000000000000e+03
3.077000000000000000e+03
3.082000000000000000e+03
3.079000000000000000e+03
3.078000000000000000e+03
