3.133000000000000000e+03
3.153000000000000000e+03
3.166000000000000000e+03
3.157000000000000000e+03
3.149000000000000000e+03
3.165000000000000000e+03
3.155000000000000000e+03
3.140000000000000000e+03
3.168000000000000000e+03
3.152000000000000000e+03
3.126000000000000000e+03
3.146000000000000000e+03
3.162000000000000000e+03
3.169000000000000000e+03
3.158000000000000000e+03
3.152000000000000000e+03
3.130000000000000000e+03
3.164000000000000000e+03
3.166000000000000000e+03
3.143000000000000000e+03
3.161000000000000000e+03
3.138000000000000000e+03
3.159000000000000000e+03
3.145000000000000000e+03
3.166000000000000000e+03
3.150000000000000000e+03
3.162000000000000000e+03
3.141000000000000000e+03
3.162000000000000000e+03
3.165000000000000000e+03
3.144000000000000000e+03
3.159000000000000000e+03
3.153000000000000000e+03
3.141000000000000000e+03
3.168000000000000000e+03
3.153000000000000000e+03
3.117000000000000000e+03
3.134000000000000000e+03
3.135000000000000000e+03
3.149000000000000000e+03
3.130000000000000000e+03
3.139000000000000000e+03
3.146000000000000000e+03
3.148000000000000000e+03
3.117000000000000000e+03
3.130000000000000000e+03
3.134000000000000000e+03
3.128000000000000000e+03
3.128000000000000000e+03
3.143000000000000000e+03
3.109000000000000000e+03
3.138000000000000000e+03
3.149000000000000000e+03
3.152000000000000000e+03
3.155000000000000000e+03
3.152000000000000000e+03
3.164000000000000000e+03
3.142000000000000000e+03
3.158000000000000000e+03
3.157000000000000000e+03
3.140000000000000000e+03
3.140000000000000000e+03
3.132000000000000000e+03
3.137000000000000000e+03
3.152000000000000000e+03
3.138000000000000000e+03
3.140000000000000000e+03
3.134000000000000000e+03
3.132000000000000000e+03
3.134000000000000000e+03
3.130000000000000000e+03
3.114000000000000000e+03
3.122000000000000000e+03
3.122000000000000000e+03
3.125000000000000000e+03
3.126000000000000000e+03
3.120000000000000000e+03
3.134000000000000000e+03
3.118000000000000000e+03
3.127000000000000000e+03
3.135000000000000000e+03
3.135000000000000000e+03
3.140000000000000000e+03
3.126000000000000000e+03
3.140000000000000000e+03
3.136000000000000000e+03
3.124000000000000000e+03
3.136000000000000000e+03
3.144000000000000000e+03
3.133000000000000000e+03
3.119000000000000000e+03
3.135000000000000000e+03
3.138000000000000000e+03
3.139000000000000000e+03
3.152000000000000000e+03
3.148000000000000000e+03
3.147000000000000000e+03
3.139000000000000000e+03
3.145000000000000000e+03
3.135000000000000000e+03
3.152000000000000000e+03
3.131000000000000000e+03
3.156000000000000000e+03
3.161000000000000000e+03
3.141000000000000000e+03
3.155000000000000000e+03
3.140000000000000000e+03
3.157000000000000000e+03
3.147000000000000000e+03
3.136000000000000000e+03
3.145000000000000000e+03
3.136000000000000000e+03
3.134000000000000000e+03
3.154000000000000000e+03
3.126000000000000000e+03
3.129000000000000000e+03
3.145000000000000000e+03
3.133000000000000000e+03
3.144000000000000000e+03
3.122000000000000000e+03
3.121000000000000000e+03
3.125000000000000000e+03
3.133000000000000000e+03
3.137000000000000000e+03
3.126000000000000000e+03
3.130000000000000000e+03
3.123000000000000000e+03
3.134000000000000000e+03
3.128000000000000000e+03
3.143000000000000000e+03
3.128000000000000000e+03
3.129000000000000000e+03
3.124000000000000000e+03
3.129000000000000000e+03
3.147000000000000000e+03
3.125000000000000000e+03
3.118000000000000000e+03
3.155000000000000000e+03
3.145000000000000000e+03
3.129000000000000000e+03
3.141000000000000000e+03
3.131000000000000000e+03
3.140000000000000000e+03
3.124000000000000000e+03
3.129000000000000000e+03
3.131000000000000000e+03
3.140000000000000000e+03
3.117000000000000000e+03
3.127000000000000000e+03
3.119000000000000000e+03
3.122000000000000000e+03
3.139000000000000000e+03
3.135000000000000000e+03
3.129000000000000000e+03
3.130000000000000000e+03
3.115000000000000000e+03
3.136000000000000000e+03
3.144000000000000000e+03
3.142000000000000000e+03
3.130000000000000000e+03
3.145000000000000000e+03
3.134000000000000000e+03
3.116000000000000000e+03
3.129000000000000000e+03
3.140000000000000000e+03
3.129000000000000000e+03
3.125000000000000000e+03
3.128000000000000000e+03
3.119000000000000000e+03
3.115000000000000000e+03
3.139000000000000000e+03
3.138000000000000000e+03
3.130000000000000000e+03
3.126000000000000000e+03
3.114000000000000000e+03
3.141000000000000000e+03
3.141000000000000000e+03
3.127000000000000000e+03
3.135000000000000000e+03
3.119000000000000000e+03
3.092000000000000000e+03
3.103000000000000000e+03
3.088000000000000000e+03
3.094000000000000000e+03
3.108000000000000000e+03
3.125000000000000000e+03
3.128000000000000000e+03
3.128000000000000000e+03
3.136000000000000000e+03
3.112000000000000000e+03
3.129000000000000000e+03
3.122000000000000000e+03
3.110000000000000000e+03
3.116000000000000000e+03
3.121000000000000000e+03
3.110000000000000000e+03
3.132000000000000000e+03
3.114000000000000000e+03
3.131000000000000000e+03
3.110000000000000000e+03
3.120000000000000000e+03
3.122000000000000000e+03
3.111000000000000000e+03
3.120000000000000000e+03
3.123000000000000000e+03
3.122000000000000000e+03
3.120000000000000000e+03
3.107000000000000000e+03
3.115000000000000000e+03
3.118000000000000000e+03
3.120000000000000000e+03
3.110000000000000000e+03
3.117000000000000000e+03
3.112000000000000000e+03
3.115000000000000000e+03
3.105000000000000000e+03
3.129000000000000000e+03
3.109000000000000000e+03
3.132000000000000000e+03
3.112000000000000000e+03
3.121000000000000000e+03
3.117000000000000000e+03
3.120000000000000000e+03
3.125000000000000000e+03
3.121000000000000000e+03
3.121000000000000000e+03
3.118000000000000000e+03
3.108000000000000000e+03
3.132000000000000000e+03
3.123000000000000000e+03
3.120000000000000000e+03
3.120000000000000000e+03
3.103000000000000000e+03
3.120000000000000000e+03
3.114000000000000000e+03
3.125000000000000000e+03
3.111000000000000000e+03
3.114000000000000000e+03
3.112000000000000000e+03
3.130000000000000000e+03
3.120000000000000000e+03
3.126000000000000000e+03
3.131000000000000000e+03
3.126000000000000000e+03
3.121000000000000000e+03
3.122000000000000000e+03
3.130000000000000000e+03
3.142000000000000000e+03
3.127000000000000000e+03
3.132000000000000000e+03
3.142000000000000000e+03
3.141000000000000000e+03
3.129000000000000000e+03
3.126000000000000000e+03
3.128000000000000000e+03
3.119000000000000000e+03
3.125000000000000000e+03
3.127000000000000000e+03
3.121000000000000000e+03
3.121000000000000000e+03
3.109000000000000000e+03
3.123000000000000000e+03
3.114000000000000000e+03
3.123000000000000000e+03
3.113000000000000000e+03
3.111000000000000000e+03
3.123000000000000000e+03
3.109000000000000000e+03
3.111000000000000000e+03
3.119000000000000000e+03
3.119000000000000000e+03
3.113000000000000000e+03
3.117000000000000000e+03
3.106000000000000000e+03
3.115000000000000000e+03
3.104000000000000000e+03
3.096000000000000000e+03
3.108000000000000000e+03
3.112000000000000000e+03
3.124000000000000000e+03
3.108000000000000000e+03
3.118000000000000000e+03
3.096000000000000000e+03
3.118000000000000000e+03
3.109000000000000000e+03
3.106000000000000000e+03
3.120000000000000000e+03
3.106000000000000000e+03
3.108000000000000000e+03
3.118000000000000000e+03
3.113000000000000000e+03
3.114000000000000000e+03
3.115000000000000000e+03
3.110000000000000000e+03
3.104000000000000000e+03
3.111000000000000000e+03
3.105000000000000000e+03
3.118000000000000000e+03
3.108000000000000000e+03
3.102000000000000000e+03
3.089000000000000000e+03
3.102000000000000000e+03
3.113000000000000000e+03
3.103000000000000000e+03
3.098000000000000000e+03
3.089000000000000000e+03
3.096000000000000000e+03
3.098000000000000000e+03
3.097000000000000000e+03
3.089000000000000000e+03
3.091000000000000000e+03
3.097000000000000000e+03
3.096000000000000000e+03
3.090000000000000000e+03
3.083000000000000000e+03
3.101000000000000000e+03
3.099000000000000000e+03
3.090000000000000000e+03
3.105000000000000000e+03
3.101000000000000000e+03
3.075000000000000000e+03
3.085000000000000000e+03
3.090000000000000000e+03
3.077000000000000000e+03
3.085000000000000000e+03
3.081000000000000000e+03
3.088000000000000000e+03
3.087000000000000000e+03
3.085000000000000000e+03
3.078000000000000000e+03
3.074000000000000000e+03
3.074000000000000000e+03
3.084000000000000000e+03
3.081000000000000000e+03
3.088000000000000000e+03
3.091000000000000000e+03
3.079000000000000000e+03
3.087000000000000000e+03
3.092000000000000000e+03
3.079000000000000000e+03
3.085000000000000000e+03
3.087000000000000000e+03
3.086000000000000000e+03
3.082000000000000000e+03
3.069000000000000000e+03
3.060000000000000000e+03
3.075000000000000000e+03
3.082000000000000000e+03
3.065000000000000000e+03
3.071000000000000000e+03
3.065000000000000000e+03
3.053000000000000000e+03
3.049000000000000000e+03
3.041000000000000000e+03
3.043000000000000000e+03
3.033000000000000000e+03
3.046000000000000000e+03
3.037000000000000000e+03
3.019000000000000000e+03
3.019000000000000000e+03
3.024000000000000000e+03
3.019000000000000000e+03
3.001000000000000000e+03
3.008000000000000000e+03
2.983000000000000000e+03
2.976000000000000000e+03
2.972000000000000000e+03
2.947000000000000000e+03
2.957000000000000000e+03
2.940000000000000000e+03
2.895000000000000000e+03
2.889000000000000000e+03
2.867000000000000000e+03
2.839000000000000000e+03
2.790000000000000000e+03
2.754000000000000000e+03
2.720000000000000000e+03
2.670000000000000000e+03
2.615000000000000000e+03
2.548000000000000000e+03
2.484000000000000000e+03
2.425000000000000000e+03
2.359000000000000000e+03
2.321000000000000000e+03
2.294000000000000000e+03
2.266000000000000000e+03
2.263000000000000000e+03
2.282000000000000000e+03
2.328000000000000000e+03
2.372000000000000000e+03
2.417000000000000000e+03
2.491000000000000000e+03
2.546000000000000000e+03
2.610000000000000000e+03
2.660000000000000000e+03
2.703000000000000000e+03
2.750000000000000000e+03
2.781000000000000000e+03
2.811000000000000000e+03
2.850000000000000000e+03
2.867000000000000000e+03
2.885000000000000000e+03
2.936000000000000000e+03
2.932000000000000000e+03
2.947000000000000000e+03
2.969000000000000000e+03
2.976000000000000000e+03
2.972000000000000000e+03
2.991000000000000000e+03
2.997000000000000000e+03
2.993000000000000000e+03
3.018000000000000000e+03
3.024000000000000000e+03
3.027000000000000000e+03
3.021000000000000000e+03
3.035000000000000000e+03
3.041000000000000000e+03
3.041000000000000000e+03
3.035000000000000000e+03
3.047000000000000000e+03
3.058000000000000000e+03
3.041000000000000000e+03
3.051000000000000000e+03
3.050000000000000000e+03
3.064000000000000000e+03
3.058000000000000000e+03
3.053000000000000000e+03
3.046000000000000000e+03
3.063000000000000000e+03
3.052000000000000000e+03
3.075000000000000000e+03
3.065000000000000000e+03
3.075000000000000000e+03
3.051000000000000000e+03
3.057000000000000000e+03
3.051000000000000000e+03
3.075000000000000000e+03
3.074000000000000000e+03
3.072000000000000000e+03
3.066000000000000000e+03
3.066000000000000000e+03
3.051000000000000000e+03
3.058000000000000000e+03
3.057000000000000000e+03
3.072000000000000000e+03
3.077000000000000000e+03
3.062000000000000000e+03
3.069000000000000000e+03
3.078000000000000000e+03
3.086000000000000000e+03
3.070000000000000000e+03
3.081000000000000000e+03
3.082000000000000000e+03
3.082000000000000000e+03
3.079000000000000000e+03
3.069000000000000000e+03
3.076000000000000000e+03
3.066000000000000000e+03
3.083000000000000000e+03
3.070000000000000000e+03
3.075000000000000000e+03
3.064000000000000000e+03
3.086000000000000000e+03
3.053000000000000000e+03
3.075000000000000000e+03
3.052000000000000000e+03
3.055000000000000000e+03
3.042000000000000000e+03
3.035000000000000000e+03
3.044000000000000000e+03
3.036000000000000000e+03
3.002000000000000000e+03
2.993000000000000000e+03
2.983000000000000000e+03
2.967000000000000000e+03
2.936000000000000000e+03
2.895000000000000000e+03
2.838000000000000000e+03
2.785000000000000000e+03
2.719000000000000000e+03
2.628000000000000000e+03
2.521000000000000000e+03
2.392000000000000000e+03
2.302000000000000000e+03
2.311000000000000000e+03
2.391000000000000000e+03
2.475000000000000000e+03
2.551000000000000000e+03
2.610000000000000000e+03
2.674000000000000000e+03
2.725000000000000000e+03
2.756000000000000000e+03
2.775000000000000000e+03
2.798000000000000000e+03
2.811000000000000000e+03
2.837000000000000000e+03
2.865000000000000000e+03
2.885000000000000000e+03
2.896000000000000000e+03
2.892000000000000000e+03
2.900000000000000000e+03
2.921000000000000000e+03
2.926000000000000000e+03
2.947000000000000000e+03
2.944000000000000000e+03
2.947000000000000000e+03
2.947000000000000000e+03
2.960000000000000000e+03
2.952000000000000000e+03
2.945000000000000000e+03
2.960000000000000000e+03
2.963000000000000000e+03
2.967000000000000000e+03
2.967000000000000000e+03
2.963000000000000000e+03
2.967000000000000000e+03
2.953000000000000000e+03
2.973000000000000000e+03
2.973000000000000000e+03
2.976000000000000000e+03
2.968000000000000000e+03
2.955000000000000000e+03
2.964000000000000000e+03
2.953000000000000000e+03
2.956000000000000000e+03
2.975000000000000000e+03
2.978000000000000000e+03
2.966000000000000000e+03
2.972000000000000000e+03
2.973000000000000000e+03
2.956000000000000000e+03
2.959000000000000000e+03
2.964000000000000000e+03
2.962000000000000000e+03
2.959000000000000000e+03
2.958000000000000000e+03
2.966000000000000000e+03
2.952000000000000000e+03
2.947000000000000000e+03
2.947000000000000000e+03
2.949000000000000000e+03
2.929000000000000000e+03
2.934000000000000000e+03
2.941000000000000000e+03
2.931000000000000000e+03
2.927000000000000000e+03
2.915000000000000000e+03
2.924000000000000000e+03
2.918000000000000000e+03
2.899000000000000000e+03
2.889000000000000000e+03
2.889000000000000000e+03
2.894000000000000000e+03
2.868000000000000000e+03
2.855000000000000000e+03
2.846000000000000000e+03
2.845000000000000000e+03
2.816000000000000000e+03
2.817000000000000000e+03
2.813000000000000000e+03
2.774000000000000000e+03
2.779000000000000000e+03
2.744000000000000000e+03
2.738000000000000000e+03
2.700000000000000000e+03
2.689000000000000000e+03
2.662000000000000000e+03
2.637000000000000000e+03
2.597000000000000000e+03
2.570000000000000000e+03
2.539000000000000000e+03
2.490000000000000000e+03
2.435000000000000000e+03
2.379000000000000000e+03
2.354000000000000000e+03
2.292000000000000000e+03
2.250000000000000000e+03
2.198000000000000000e+03
2.170000000000000000e+03
2.140000000000000000e+03
2.123000000000000000e+03
2.105000000000000000e+03
2.120000000000000000e+03
2.138000000000000000e+03
2.165000000000000000e+03
2.198000000000000000e+03
2.256000000000000000e+03
2.304000000000000000e+03
2.364000000000000000e+03
2.413000000000000000e+03
2.453000000000000000e+03
2.510000000000000000e+03
2.552000000000000000e+03
2.603000000000000000e+03
2.635000000000000000e+03
2.680000000000000000e+03
2.701000000000000000e+03
2.732000000000000000e+03
2.769000000000000000e+03
2.782000000000000000e+03
2.806000000000000000e+03
2.830000000000000000e+03
2.837000000000000000e+03
2.884000000000000000e+03
2.884000000000000000e+03
2.888000000000000000e+03
2.908000000000000000e+03
2.912000000000000000e+03
2.910000000000000000e+03
2.937000000000000000e+03
2.941000000000000000e+03
2.949000000000000000e+03
2.958000000000000000e+03
2.954000000000000000e+03
2.981000000000000000e+03
2.967000000000000000e+03
2.991000000000000000e+03
2.994000000000000000e+03
2.991000000000000000e+03
3.000000000000000000e+03
3.008000000000000000e+03
3.005000000000000000e+03
3.009000000000000000e+03
3.025000000000000000e+03
3.026000000000000000e+03
3.031000000000000000e+03
3.014000000000000000e+03
3.040000000000000000e+03
3.016000000000000000e+03
3.053000000000000000e+03
3.040000000000000000e+03
3.027000000000000000e+03
3.044000000000000000e+03
3.033000000000000000e+03
3.040000000000000000e+03
3.035000000000000000e+03
3.047000000000000000e+03
3.043000000000000000e+03
3.046000000000000000e+03
3.039000000000000000e+03
3.045000000000000000e+03
3.055000000000000000e+03
3.045000000000000000e+03
3.049000000000000000e+03
3.047000000000000000e+03
3.045000000000000000e+03
3.058000000000000000e+03
3.058000000000000000e+03
3.069000000000000000e+03
3.065000000000000000e+03
3.050000000000000000e+03
3.069000000000000000e+03
3.068000000000000000e+03
3.061000000000000000e+03
3.069000000000000000e+03
3.075000000000000000e+03
3.059000000000000000e+03
3.053000000000000000e+03
3.063000000000000000e+03
3.077000000000000000e+03
3.057000000000000000e+03
3.073000000000000000e+03
3.066000000000000000e+03
3.074000000000000000e+03
3.079000000000000000e+03
3.083000000000000000e+03
3.074000000000000000e+03
3.065000000000000000e+03
3.055000000000000000e+03
3.071000000000000000e+03
3.070000000000000000e+03
3.081000000000000000e+03
3.064000000000000000e+03
3.076000000000000000e+03
3.067000000000000000e+03
3.080000000000000000e+03
3.081000000000000000e+03
3.075000000000000000e+03
3.074000000000000000e+03
3.074000000000000000e+03
3.067000000000000000e+03
3.075000000000000000e+03
3.089000000000000000e+03
3.066000000000000000e+03
3.075000000000000000e+03
3.094000000000000000e+03
3.074000000000000000e+03
3.080000000000000000e+03
3.074000000000000000e+03
3.074000000000000000e+03
3.083000000000000000e+03
3.078000000000000000e+03
3.087000000000000000e+03
3.074000000000000000e+03
3.083000000000000000e+03
3.080000000000000000e+03
3.097000000000000000e+03
3.075000000000000000e+03
3.083000000000000000e+03
3.092000000000000000e+03
3.089000000000000000e+03
3.101000000000000000e+03
3.079000000000000000e+03
3.083000000000000000e+03
3.085000000000000000e+03
3.090000000000000000e+03
3.106000000000000000e+03
3.101000000000000000e+03
3.097000000000000000e+03
3.095000000000000000e+03
3.098000000000000000e+03
3.100000000000000000e+03
3.102000000000000000e+03
3.086000000000000000e+03
3.086000000000000000e+03
3.096000000000000000e+03
3.098000000000000000e+03
3.097000000000000000e+03
3.085000000000000000e+03
3.107000000000000000e+03
3.095000000000000000e+03
3.089000000000000000e+03
3.110000000000000000e+03
3.110000000000000000e+03
3.094000000000000000e+03
3.097000000000000000e+03
3.088000000000000000e+03
3.098000000000000000e+03
3.099000000000000000e+03
3.083000000000000000e+03
3.110000000000000000e+03
3.105000000000000000e+03
3.099000000000000000e+03
3.089000000000000000e+03
3.088000000000000000e+03
3.096000000000000000e+03
3.082000000000000000e+03
3.102000000000000000e+03
3.103000000000000000e+03
3.086000000000000000e+03
3.084000000000000000e+03
3.093000000000000000e+03
3.098000000000000000e+03
3.098000000000000000e+03
3.096000000000000000e+03
3.109000000000000000e+03
3.100000000000000000e+03
3.103000000000000000e+03
3.101000000000000000e+03
3.093000000000000000e+03
3.095000000000000000e+03
3.107000000000000000e+03
3.101000000000000000e+03
3.110000000000000000e+03
3.109000000000000000e+03
3.104000000000000000e+03
3.088000000000000000e+03
3.110000000000000000e+03
3.105000000000000000e+03
3.085000000000000000e+03
3.103000000000000000e+03
3.101000000000000000e+03
3.096000000000000000e+03
3.085000000000000000e+03
3.092000000000000000e+03
3.105000000000000000e+03
3.081000000000000000e+03
3.082000000000000000e+03
3.098000000000000000e+03
3.095000000000000000e+03
3.100000000000000000e+03
3.108000000000000000e+03
3.088000000000000000e+03
3.097000000000000000e+03
3.098000000000000000e+03
nan
nan
nan
nan
nan
nan
nan
nan
nan
nan
nan
nan
nan
nan
nan
nan
nan
nan
nan
nan
nan
nan
nan
nan
nan
nan
nan
nan
nan
nan
nan
nan
nan
nan
nan
nan
nan
nan
nan
nan
nan
nan
nan
nan
nan
nan
nan
nan
nan
nan
nan
nan
nan
nan
nan
nan
nan
nan
nan
nan
nan
nan
nan
nan
nan
nan
nan
nan
nan
nan
nan
nan
nan
nan
nan
nan
nan
nan
nan
nan
nan
nan
nan
nan
nan
nan
nan
nan
nan
nan
nan
nan
nan
nan
nan
nan
nan
nan
nan
nan
nan
nan
nan
nan
nan
nan
nan
nan
nan
nan
nan
nan
nan
nan
nan
nan
nan
nan
nan
nan
nan
nan
nan
nan
nan
nan
nan
nan
nan
nan
nan
nan
nan
nan
nan
nan
nan
nan
nan
nan
nan
nan
nan
nan
nan
nan
nan
nan
nan
nan
nan
nan
nan
nan
nan
nan
nan
nan
nan
nan
nan
nan
nan
nan
nan
nan
nan
nan
nan
nan
nan
nan
nan
nan
nan
nan
nan
nan
nan
nan
nan
nan
nan
nan
nan
nan
nan
nan
nan
nan
nan
nan
nan
nan
nan
nan
nan
nan
nan
nan
nan
nan
nan
nan
nan
nan
nan
nan
nan
nan
nan
nan
nan
nan
nan
nan
nan
nan
nan
nan
nan
nan
nan
nan
nan
