1.891100000000000000e+04 7.119000000000000000e+03
1.796300000000000000e+04 9.807000000000000000e+03
1.742800000000000000e+04 1.129900000000000000e+04
1.627700000000000000e+04 1.145100000000000000e+04
1.560400000000000000e+04 1.211300000000000000e+04
1.542900000000000000e+04 1.291400000000000000e+04
1.659200000000000000e+04 1.330500000000000000e+04
1.555200000000000000e+04 1.329000000000000000e+04
1.520800000000000000e+04 1.373700000000000000e+04
1.554800000000000000e+04 1.363900000000000000e+04
1.484300000000000000e+04 1.289600000000000000e+04
1.562500000000000000e+04 1.337900000000000000e+04
1.534200000000000000e+04 1.421200000000000000e+04
1.490300000000000000e+04 1.458400000000000000e+04
