2.501000000000000000e+04 6.690000000000000000e+02
2.369900000000000000e+04 1.891000000000000000e+03
2.235800000000000000e+04 2.672000000000000000e+03
2.174900000000000000e+04 3.541000000000000000e+03
2.038200000000000000e+04 4.966000000000000000e+03
1.997400000000000000e+04 5.105000000000000000e+03
1.880500000000000000e+04 6.373000000000000000e+03
1.800400000000000000e+04 7.724000000000000000e+03
1.751200000000000000e+04 7.169000000000000000e+03
1.717800000000000000e+04 8.893000000000000000e+03
1.698200000000000000e+04 8.099000000000000000e+03
1.586200000000000000e+04 9.010000000000000000e+03
1.611200000000000000e+04 8.520000000000000000e+03
1.597000000000000000e+04 9.847000000000000000e+03
1.553700000000000000e+04 9.886000000000000000e+03
1.604700000000000000e+04 1.055800000000000000e+04
1.548400000000000000e+04 9.691000000000000000e+03
1.530100000000000000e+04 9.962000000000000000e+03
1.402900000000000000e+04 9.826000000000000000e+03
