1.554600000000000000e+04 6.744000000000000000e+03
1.481300000000000000e+04 9.882000000000000000e+03
1.485200000000000000e+04 9.873000000000000000e+03
1.410400000000000000e+04 1.165700000000000000e+04
1.515900000000000000e+04 1.201500000000000000e+04
1.510100000000000000e+04 1.225300000000000000e+04
1.325800000000000000e+04 1.191700000000000000e+04
1.393300000000000000e+04 1.101400000000000000e+04
1.316800000000000000e+04 1.193000000000000000e+04
1.383400000000000000e+04 1.342300000000000000e+04
1.144000000000000000e+04 1.071400000000000000e+04
1.321200000000000000e+04 1.211600000000000000e+04
1.307900000000000000e+04 1.187800000000000000e+04
1.294900000000000000e+04 1.026200000000000000e+04
1.118300000000000000e+04 1.071100000000000000e+04
1.024000000000000000e+04 9.727000000000000000e+03
1.014800000000000000e+04 9.747000000000000000e+03
1.014800000000000000e+04 9.037000000000000000e+03
7.706000000000000000e+03 7.773000000000000000e+03
