2.039000000000000000e+04 7.955000000000000000e+03
2.023600000000000000e+04 9.508000000000000000e+03
1.933500000000000000e+04 1.088900000000000000e+04
2.000500000000000000e+04 1.152200000000000000e+04
1.777400000000000000e+04 1.401500000000000000e+04
1.767500000000000000e+04 1.353500000000000000e+04
1.736400000000000000e+04 1.346100000000000000e+04
1.757200000000000000e+04 1.409500000000000000e+04
1.670800000000000000e+04 1.438600000000000000e+04
1.760800000000000000e+04 1.327200000000000000e+04
1.717400000000000000e+04 1.456900000000000000e+04
1.557500000000000000e+04 1.473400000000000000e+04
1.698200000000000000e+04 1.440400000000000000e+04
1.621800000000000000e+04 1.432000000000000000e+04
1.631400000000000000e+04 1.447100000000000000e+04
1.617200000000000000e+04 1.468500000000000000e+04
1.426800000000000000e+04 1.331100000000000000e+04
1.488600000000000000e+04 1.411700000000000000e+04
1.513600000000000000e+04 1.411600000000000000e+04
