2.204300000000000000e+04 7.966000000000000000e+03
2.151500000000000000e+04 1.025300000000000000e+04
2.067700000000000000e+04 1.116900000000000000e+04
2.050000000000000000e+04 1.108500000000000000e+04
1.980400000000000000e+04 1.307400000000000000e+04
1.988800000000000000e+04 1.357000000000000000e+04
1.902900000000000000e+04 1.425000000000000000e+04
1.834600000000000000e+04 1.517000000000000000e+04
1.736300000000000000e+04 1.518200000000000000e+04
1.860900000000000000e+04 1.458100000000000000e+04
1.872000000000000000e+04 1.539000000000000000e+04
1.856800000000000000e+04 1.557200000000000000e+04
1.785500000000000000e+04 1.567500000000000000e+04
1.790900000000000000e+04 1.643200000000000000e+04
1.838700000000000000e+04 1.576900000000000000e+04
1.789400000000000000e+04 1.556400000000000000e+04
1.675400000000000000e+04 1.623300000000000000e+04
1.742300000000000000e+04 1.716400000000000000e+04
1.667700000000000000e+04 1.599800000000000000e+04
