1.609600000000000000e+04 5.696000000000000000e+03
2.110200000000000000e+04 9.227000000000000000e+03
2.065300000000000000e+04 8.981000000000000000e+03
1.925100000000000000e+04 1.203800000000000000e+04
1.982300000000000000e+04 1.193200000000000000e+04
1.864400000000000000e+04 1.246500000000000000e+04
1.838000000000000000e+04 1.294100000000000000e+04
1.840000000000000000e+04 1.383300000000000000e+04
1.726000000000000000e+04 1.359100000000000000e+04
1.798800000000000000e+04 1.538000000000000000e+04
1.771100000000000000e+04 1.453700000000000000e+04
1.785600000000000000e+04 1.479000000000000000e+04
1.663800000000000000e+04 1.483200000000000000e+04
1.812400000000000000e+04 1.575100000000000000e+04
1.683800000000000000e+04 1.478200000000000000e+04
1.700800000000000000e+04 1.539600000000000000e+04
1.789400000000000000e+04 1.475100000000000000e+04
1.681400000000000000e+04 1.556400000000000000e+04
1.711800000000000000e+04 1.496900000000000000e+04
