5.299000000000000000e+03 6.973000000000000000e+03
6.037000000000000000e+03 5.771000000000000000e+03
6.044000000000000000e+03 6.252000000000000000e+03
6.631000000000000000e+03 7.251000000000000000e+03
5.752000000000000000e+03 7.595000000000000000e+03
6.577000000000000000e+03 6.788000000000000000e+03
5.330000000000000000e+03 7.395000000000000000e+03
5.014000000000000000e+03 5.157000000000000000e+03
4.596000000000000000e+03 6.200000000000000000e+03
3.679000000000000000e+03 5.097000000000000000e+03
3.862000000000000000e+03 3.120000000000000000e+03
2.492000000000000000e+03 2.378000000000000000e+03
1.157000000000000000e+03 2.131000000000000000e+03
1.075000000000000000e+03 9.260000000000000000e+02
4.530000000000000000e+02 3.940000000000000000e+02
1.340000000000000000e+02 5.700000000000000000e+01
1.000000000000000000e+01 1.420000000000000000e+02
0.000000000000000000e+00 0.000000000000000000e+00
0.000000000000000000e+00 0.000000000000000000e+00
