2.469000000000000000e+04 6.111000000000000000e+03
2.251300000000000000e+04 9.076000000000000000e+03
2.121600000000000000e+04 1.048500000000000000e+04
2.045300000000000000e+04 1.201200000000000000e+04
1.961200000000000000e+04 1.284800000000000000e+04
1.862700000000000000e+04 1.408000000000000000e+04
1.939900000000000000e+04 1.423600000000000000e+04
1.882600000000000000e+04 1.501300000000000000e+04
1.902100000000000000e+04 1.453500000000000000e+04
1.803700000000000000e+04 1.590100000000000000e+04
1.816200000000000000e+04 1.603700000000000000e+04
1.744300000000000000e+04 1.623700000000000000e+04
1.894000000000000000e+04 1.586200000000000000e+04
1.914400000000000000e+04 1.575700000000000000e+04
1.765300000000000000e+04 1.603900000000000000e+04
1.818400000000000000e+04 1.645800000000000000e+04
1.903600000000000000e+04 1.630300000000000000e+04
1.784700000000000000e+04 1.604400000000000000e+04
1.857600000000000000e+04 1.689100000000000000e+04
