2.415000000000000000e+04 6.619000000000000000e+03
2.289000000000000000e+04 9.895000000000000000e+03
2.233500000000000000e+04 1.113200000000000000e+04
1.989300000000000000e+04 1.188700000000000000e+04
2.031500000000000000e+04 1.353300000000000000e+04
2.069600000000000000e+04 1.471500000000000000e+04
1.943800000000000000e+04 1.394200000000000000e+04
1.850000000000000000e+04 1.411800000000000000e+04
1.962200000000000000e+04 1.538400000000000000e+04
1.869800000000000000e+04 1.523500000000000000e+04
1.965500000000000000e+04 1.494000000000000000e+04
1.839700000000000000e+04 1.612000000000000000e+04
1.889100000000000000e+04 1.464400000000000000e+04
1.786700000000000000e+04 1.564200000000000000e+04
1.852200000000000000e+04 1.590900000000000000e+04
1.834100000000000000e+04 1.551900000000000000e+04
1.795400000000000000e+04 1.706100000000000000e+04
1.854800000000000000e+04 1.615800000000000000e+04
1.958600000000000000e+04 1.761100000000000000e+04
