2.346900000000000000e+04 7.648000000000000000e+03
2.240100000000000000e+04 9.842000000000000000e+03
2.065000000000000000e+04 1.186600000000000000e+04
2.069400000000000000e+04 1.211200000000000000e+04
2.006100000000000000e+04 1.244900000000000000e+04
2.009900000000000000e+04 1.444500000000000000e+04
1.840500000000000000e+04 1.332000000000000000e+04
1.886400000000000000e+04 1.474900000000000000e+04
1.940400000000000000e+04 1.508400000000000000e+04
1.807900000000000000e+04 1.541500000000000000e+04
1.807400000000000000e+04 1.666700000000000000e+04
1.963000000000000000e+04 1.541300000000000000e+04
1.812300000000000000e+04 1.574200000000000000e+04
1.862600000000000000e+04 1.592700000000000000e+04
1.787700000000000000e+04 1.614400000000000000e+04
1.810300000000000000e+04 1.765000000000000000e+04
1.780100000000000000e+04 1.530500000000000000e+04
1.824400000000000000e+04 1.633200000000000000e+04
1.750400000000000000e+04 1.716300000000000000e+04
