2.221000000000000000e+04 6.415000000000000000e+03
2.068500000000000000e+04 8.967000000000000000e+03
2.041500000000000000e+04 9.342000000000000000e+03
1.884200000000000000e+04 1.046000000000000000e+04
1.884800000000000000e+04 1.130000000000000000e+04
1.942300000000000000e+04 1.299000000000000000e+04
1.831500000000000000e+04 1.162300000000000000e+04
1.838600000000000000e+04 1.420100000000000000e+04
1.810200000000000000e+04 1.292200000000000000e+04
1.841000000000000000e+04 1.389900000000000000e+04
1.753300000000000000e+04 1.438400000000000000e+04
1.946900000000000000e+04 1.487700000000000000e+04
1.708900000000000000e+04 1.483000000000000000e+04
1.764100000000000000e+04 1.569200000000000000e+04
1.870600000000000000e+04 1.525100000000000000e+04
1.735400000000000000e+04 1.513800000000000000e+04
1.789000000000000000e+04 1.648700000000000000e+04
1.751000000000000000e+04 1.569400000000000000e+04
1.755000000000000000e+04 1.682700000000000000e+04
