2.314500000000000000e+04 7.862000000000000000e+03
2.423500000000000000e+04 9.315000000000000000e+03
2.170000000000000000e+04 1.100200000000000000e+04
2.056200000000000000e+04 1.060800000000000000e+04
2.053000000000000000e+04 1.121200000000000000e+04
1.962000000000000000e+04 1.315300000000000000e+04
1.914900000000000000e+04 1.318100000000000000e+04
1.981200000000000000e+04 1.362400000000000000e+04
1.783200000000000000e+04 1.376500000000000000e+04
1.845600000000000000e+04 1.476800000000000000e+04
1.856900000000000000e+04 1.344800000000000000e+04
1.786900000000000000e+04 1.622400000000000000e+04
1.834000000000000000e+04 1.552700000000000000e+04
1.771900000000000000e+04 1.543600000000000000e+04
1.823100000000000000e+04 1.595400000000000000e+04
1.825000000000000000e+04 1.580600000000000000e+04
1.786400000000000000e+04 1.634700000000000000e+04
1.831100000000000000e+04 1.540200000000000000e+04
1.758400000000000000e+04 1.677300000000000000e+04
